sample_id,subject,session,run,trial,label,event_sample,artifact_flagged,experiment_id,condition,fold,seed,selected_epochs,selection_rule,y_true,y_pred,p_class_1,p_class_2,p_class_3,p_class_4
s06_0train_r0_t01,6,0train,0,1,4,250,False,Q10-E001,MU_BETA_CSP8_EEGNET,loso_s6,20260924,5,mean_rank,4,3,0.03244694,0.02604373,0.5971376,0.34437168
s06_0train_r0_t02,6,0train,0,2,2,2253,False,Q10-E001,MU_BETA_CSP8_EEGNET,loso_s6,20260924,5,mean_rank,2,3,0.00024847675,0.027836863,0.81231076,0.15960386
s06_0train_r0_t03,6,0train,0,3,2,4171,False,Q10-E001,MU_BETA_CSP8_EEGNET,loso_s6,20260924,5,mean_rank,2,4,8.422886e-06,0.007259844,0.3165281,0.67620355
s06_0train_r0_t04,6,0train,0,4,1,6123,False,Q10-E001,MU_BETA_CSP8_EEGNET,loso_s6,20260924,5,mean_rank,1,3,0.053601634,0.008046475,0.68798417,0.25036776
s06_0train_r0_t05,6,0train,0,5,4,8131,False,Q10-E001,MU_BETA_CSP8_EEGNET,loso_s6,20260924,5,mean_rank,4,4,0.00012927124,0.00070385885,0.13536642,0.86380047
s06_0train_r0_t06,6,0train,0,6,4,10242,False,Q10-E001,MU_BETA_CSP8_EEGNET,loso_s6,20260924,5,mean_rank,4,4,0.0001087391,6.442886e-05,0.1974534,0.80237335
s06_0train_r0_t07,6,0train,0,7,3,12159,False,Q10-E001,MU_BETA_CSP8_EEGNET,loso_s6,20260924,5,mean_rank,3,4,0.0006527172,0.23228467,0.37681657,0.39024603
s06_0train_r0_t08,6,0train,0,8,2,14209,False,Q10-E001,MU_BETA_CSP8_EEGNET,loso_s6,20260924,5,mean_rank,2,3,9.830039e-06,0.0108554335,0.85162383,0.1375109
s06_0train_r0_t09,6,0train,0,9,3,16140,False,Q10-E001,MU_BETA_CSP8_EEGNET,loso_s6,20260924,5,mean_rank,3,3,9.726142e-05,0.00078010384,0.598995,0.40012765
s06_0train_r0_t10,6,0train,0,10,1,18138,False,Q10-E001,MU_BETA_CSP8_EEGNET,loso_s6,20260924,5,mean_rank,1,3,0.3571996,0.0035428044,0.39418232,0.24507524
s06_0train_r0_t11,6,0train,0,11,1,20044,False,Q10-E001,MU_BETA_CSP8_EEGNET,loso_s6,20260924,5,mean_rank,1,4,0.01338704,0.00019780252,0.33802903,0.6483862
s06_0train_r0_t12,6,0train,0,12,2,21939,False,Q10-E001,MU_BETA_CSP8_EEGNET,loso_s6,20260924,5,mean_rank,2,3,1.0865558e-05,0.034388084,0.64225,0.32335103
s06_0train_r0_t13,6,0train,0,13,4,23911,False,Q10-E001,MU_BETA_CSP8_EEGNET,loso_s6,20260924,5,mean_rank,4,3,0.00059814437,0.005934134,0.5869949,0.40647283
s06_0train_r0_t14,6,0train,0,14,4,25855,False,Q10-E001,MU_BETA_CSP8_EEGNET,loso_s6,20260924,5,mean_rank,4,4,0.0006515328,0.0025515058,0.34410647,0.6526905
s06_0train_r0_t15,6,0train,0,15,2,27822,False,Q10-E001,MU_BETA_CSP8_EEGNET,loso_s6,20260924,5,mean_rank,2,3,0.0023718073,0.3515131,0.562059,0.08405612
s06_0train_r0_t16,6,0train,0,16,4,29942,False,Q10-E001,MU_BETA_CSP8_EEGNET,loso_s6,20260924,5,mean_rank,4,3,0.0005753025,0.05810337,0.51659966,0.42472172
s06_0train_r0_t17,6,0train,0,17,3,31950,False,Q10-E001,MU_BETA_CSP8_EEGNET,loso_s6,20260924,5,mean_rank,3,3,0.00016461244,0.010905841,0.5526424,0.4362871
s06_0train_r0_t18,6,0train,0,18,3,34016,False,Q10-E001,MU_BETA_CSP8_EEGNET,loso_s6,20260924,5,mean_rank,3,3,0.00022117664,0.037889026,0.75694656,0.20494328
s06_0train_r0_t19,6,0train,0,19,3,36052,False,Q10-E001,MU_BETA_CSP8_EEGNET,loso_s6,20260924,5,mean_rank,3,4,0.014143851,0.27720553,0.29719096,0.41145968
s06_0train_r0_t20,6,0train,0,20,1,38118,False,Q10-E001,MU_BETA_CSP8_EEGNET,loso_s6,20260924,5,mean_rank,1,4,0.045674648,0.018436622,0.40813312,0.5277556
s06_0train_r0_t21,6,0train,0,21,3,40188,False,Q10-E001,MU_BETA_CSP8_EEGNET,loso_s6,20260924,5,mean_rank,3,2,0.053720444,0.38545275,0.32110983,0.23971695
s06_0train_r0_t22,6,0train,0,22,1,42268,False,Q10-E001,MU_BETA_CSP8_EEGNET,loso_s6,20260924,5,mean_rank,1,3,0.0006449471,0.0010411723,0.56830394,0.43000993
s06_0train_r0_t23,6,0train,0,23,3,44180,False,Q10-E001,MU_BETA_CSP8_EEGNET,loso_s6,20260924,5,mean_rank,3,3,0.00026541392,0.103042915,0.58814025,0.30855137
s06_0train_r0_t24,6,0train,0,24,3,46211,False,Q10-E001,MU_BETA_CSP8_EEGNET,loso_s6,20260924,5,mean_rank,3,3,0.0016168698,0.093429096,0.71446747,0.19048652
s06_0train_r0_t25,6,0train,0,25,1,48164,False,Q10-E001,MU_BETA_CSP8_EEGNET,loso_s6,20260924,5,mean_rank,1,2,0.0012303084,0.4294977,0.3235297,0.24574228
s06_0train_r0_t26,6,0train,0,26,1,50125,False,Q10-E001,MU_BETA_CSP8_EEGNET,loso_s6,20260924,5,mean_rank,1,3,0.0043859463,0.020895684,0.6731259,0.3015925
s06_0train_r0_t27,6,0train,0,27,2,52229,False,Q10-E001,MU_BETA_CSP8_EEGNET,loso_s6,20260924,5,mean_rank,2,2,7.999567e-06,0.79618603,0.1279765,0.07582955
s06_0train_r0_t28,6,0train,0,28,2,54233,False,Q10-E001,MU_BETA_CSP8_EEGNET,loso_s6,20260924,5,mean_rank,2,3,0.00083591574,0.10224548,0.46723634,0.42968228
s06_0train_r0_t29,6,0train,0,29,1,56208,False,Q10-E001,MU_BETA_CSP8_EEGNET,loso_s6,20260924,5,mean_rank,1,3,0.012063669,0.0048652184,0.6234117,0.3596594
s06_0train_r0_t30,6,0train,0,30,3,58234,False,Q10-E001,MU_BETA_CSP8_EEGNET,loso_s6,20260924,5,mean_rank,3,3,0.00012851578,0.007647453,0.76579887,0.22642511
s06_0train_r0_t31,6,0train,0,31,2,60305,False,Q10-E001,MU_BETA_CSP8_EEGNET,loso_s6,20260924,5,mean_rank,2,3,1.9152535e-06,0.01380698,0.74029636,0.24589473
s06_0train_r0_t32,6,0train,0,32,4,62412,False,Q10-E001,MU_BETA_CSP8_EEGNET,loso_s6,20260924,5,mean_rank,4,4,9.2997296e-05,0.00599638,0.36934668,0.624564
s06_0train_r0_t33,6,0train,0,33,4,64504,False,Q10-E001,MU_BETA_CSP8_EEGNET,loso_s6,20260924,5,mean_rank,4,3,0.0001399659,0.020375878,0.69288814,0.28659594
s06_0train_r0_t34,6,0train,0,34,1,66595,False,Q10-E001,MU_BETA_CSP8_EEGNET,loso_s6,20260924,5,mean_rank,1,4,9.884555e-05,0.14452766,0.29888076,0.55649275
s06_0train_r0_t35,6,0train,0,35,4,68638,True,Q10-E001,MU_BETA_CSP8_EEGNET,loso_s6,20260924,5,mean_rank,4,4,0.0008122085,0.008181214,0.2705071,0.72049946
s06_0train_r0_t36,6,0train,0,36,1,70702,False,Q10-E001,MU_BETA_CSP8_EEGNET,loso_s6,20260924,5,mean_rank,1,4,0.0007756788,0.006891047,0.43552485,0.5568085
s06_0train_r0_t37,6,0train,0,37,4,72722,False,Q10-E001,MU_BETA_CSP8_EEGNET,loso_s6,20260924,5,mean_rank,4,3,0.004663366,0.17316753,0.5439742,0.27819487
s06_0train_r0_t38,6,0train,0,38,2,74694,True,Q10-E001,MU_BETA_CSP8_EEGNET,loso_s6,20260924,5,mean_rank,2,3,0.0025253163,0.008215107,0.607346,0.38191357
s06_0train_r0_t39,6,0train,0,39,3,76657,True,Q10-E001,MU_BETA_CSP8_EEGNET,loso_s6,20260924,5,mean_rank,3,3,0.00015232494,0.0026943882,0.5175651,0.47958824
s06_0train_r0_t40,6,0train,0,40,4,78582,False,Q10-E001,MU_BETA_CSP8_EEGNET,loso_s6,20260924,5,mean_rank,4,4,2.2720562e-05,0.0040617567,0.37856624,0.6173493
s06_0train_r0_t41,6,0train,0,41,2,80663,False,Q10-E001,MU_BETA_CSP8_EEGNET,loso_s6,20260924,5,mean_rank,2,3,0.0026772416,0.2754688,0.4720293,0.24982472
s06_0train_r0_t42,6,0train,0,42,3,82641,False,Q10-E001,MU_BETA_CSP8_EEGNET,loso_s6,20260924,5,mean_rank,3,4,0.0032680212,0.029160248,0.4613262,0.50624555
s06_0train_r0_t43,6,0train,0,43,2,84631,False,Q10-E001,MU_BETA_CSP8_EEGNET,loso_s6,20260924,5,mean_rank,2,4,0.00042287164,0.18924348,0.30624184,0.5040918
s06_0train_r0_t44,6,0train,0,44,3,86750,False,Q10-E001,MU_BETA_CSP8_EEGNET,loso_s6,20260924,5,mean_rank,3,4,0.000114894225,0.005793576,0.33288267,0.6612088
s06_0train_r0_t45,6,0train,0,45,1,88656,False,Q10-E001,MU_BETA_CSP8_EEGNET,loso_s6,20260924,5,mean_rank,1,4,0.003161197,0.004461973,0.3108925,0.68148434
s06_0train_r0_t46,6,0train,0,46,2,90584,True,Q10-E001,MU_BETA_CSP8_EEGNET,loso_s6,20260924,5,mean_rank,2,3,0.00016403236,0.15697931,0.67321384,0.16964276
s06_0train_r0_t47,6,0train,0,47,4,92698,True,Q10-E001,MU_BETA_CSP8_EEGNET,loso_s6,20260924,5,mean_rank,4,4,0.00063454977,0.07661639,0.24151635,0.6812327
s06_0train_r0_t48,6,0train,0,48,1,94757,False,Q10-E001,MU_BETA_CSP8_EEGNET,loso_s6,20260924,5,mean_rank,1,3,0.032361265,0.20665528,0.6215882,0.13939533
s06_0train_r1_t01,6,0train,1,1,3,250,True,Q10-E001,MU_BETA_CSP8_EEGNET,loso_s6,20260924,5,mean_rank,3,3,0.0011540249,0.034990307,0.64059114,0.32326454
s06_0train_r1_t02,6,0train,1,2,1,2253,False,Q10-E001,MU_BETA_CSP8_EEGNET,loso_s6,20260924,5,mean_rank,1,3,0.07119012,0.0023676348,0.5903286,0.33611372
s06_0train_r1_t03,6,0train,1,3,1,4171,True,Q10-E001,MU_BETA_CSP8_EEGNET,loso_s6,20260924,5,mean_rank,1,3,0.00023324267,0.00030144496,0.6538466,0.34561872
s06_0train_r1_t04,6,0train,1,4,4,6123,False,Q10-E001,MU_BETA_CSP8_EEGNET,loso_s6,20260924,5,mean_rank,4,3,0.0017655691,6.2255865e-05,0.6530174,0.34515485
s06_0train_r1_t05,6,0train,1,5,1,8131,False,Q10-E001,MU_BETA_CSP8_EEGNET,loso_s6,20260924,5,mean_rank,1,3,0.002584858,0.011626308,0.60577995,0.38000888
s06_0train_r1_t06,6,0train,1,6,4,10242,False,Q10-E001,MU_BETA_CSP8_EEGNET,loso_s6,20260924,5,mean_rank,4,4,0.0005338332,0.00029148767,0.3806158,0.6185589
s06_0train_r1_t07,6,0train,1,7,4,12159,False,Q10-E001,MU_BETA_CSP8_EEGNET,loso_s6,20260924,5,mean_rank,4,4,0.00048540492,4.2319603e-05,0.25976968,0.7397026
s06_0train_r1_t08,6,0train,1,8,2,14209,False,Q10-E001,MU_BETA_CSP8_EEGNET,loso_s6,20260924,5,mean_rank,2,3,0.0011625988,0.29492703,0.5684343,0.13547608
s06_0train_r1_t09,6,0train,1,9,4,16140,False,Q10-E001,MU_BETA_CSP8_EEGNET,loso_s6,20260924,5,mean_rank,4,3,2.2847316e-05,0.00033482822,0.5729088,0.42673343
s06_0train_r1_t10,6,0train,1,10,2,18138,True,Q10-E001,MU_BETA_CSP8_EEGNET,loso_s6,20260924,5,mean_rank,2,4,0.0054898644,0.35982022,0.2454686,0.38922137
s06_0train_r1_t11,6,0train,1,11,4,20044,False,Q10-E001,MU_BETA_CSP8_EEGNET,loso_s6,20260924,5,mean_rank,4,4,0.00031799314,0.048248626,0.33523646,0.61619693
s06_0train_r1_t12,6,0train,1,12,3,21939,False,Q10-E001,MU_BETA_CSP8_EEGNET,loso_s6,20260924,5,mean_rank,3,4,0.00095954636,0.00020316095,0.38687378,0.61196345
s06_0train_r1_t13,6,0train,1,13,1,23911,False,Q10-E001,MU_BETA_CSP8_EEGNET,loso_s6,20260924,5,mean_rank,1,3,0.0018827898,0.0069382633,0.5369216,0.45425734
s06_0train_r1_t14,6,0train,1,14,2,25855,False,Q10-E001,MU_BETA_CSP8_EEGNET,loso_s6,20260924,5,mean_rank,2,2,0.0034563988,0.5594227,0.0847089,0.35241205
s06_0train_r1_t15,6,0train,1,15,3,27822,False,Q10-E001,MU_BETA_CSP8_EEGNET,loso_s6,20260924,5,mean_rank,3,3,0.009269989,0.009341808,0.6314378,0.34995046
s06_0train_r1_t16,6,0train,1,16,1,29942,False,Q10-E001,MU_BETA_CSP8_EEGNET,loso_s6,20260924,5,mean_rank,1,4,0.002859102,0.0046824496,0.35325772,0.6392007
s06_0train_r1_t17,6,0train,1,17,1,31950,False,Q10-E001,MU_BETA_CSP8_EEGNET,loso_s6,20260924,5,mean_rank,1,4,0.0002626404,0.040546104,0.22993253,0.7292587
s06_0train_r1_t18,6,0train,1,18,4,34016,True,Q10-E001,MU_BETA_CSP8_EEGNET,loso_s6,20260924,5,mean_rank,4,4,0.0013121244,0.0022303932,0.25836,0.7380975
s06_0train_r1_t19,6,0train,1,19,4,36052,False,Q10-E001,MU_BETA_CSP8_EEGNET,loso_s6,20260924,5,mean_rank,4,4,0.0027593195,0.0010918359,0.2677755,0.7283733
s06_0train_r1_t20,6,0train,1,20,2,38118,False,Q10-E001,MU_BETA_CSP8_EEGNET,loso_s6,20260924,5,mean_rank,2,3,0.00018409808,0.23507385,0.54056674,0.22417526
s06_0train_r1_t21,6,0train,1,21,1,40188,False,Q10-E001,MU_BETA_CSP8_EEGNET,loso_s6,20260924,5,mean_rank,1,3,0.016802438,0.032723043,0.77264076,0.17783378
s06_0train_r1_t22,6,0train,1,22,3,42268,False,Q10-E001,MU_BETA_CSP8_EEGNET,loso_s6,20260924,5,mean_rank,3,3,0.0016355728,0.15634629,0.4975191,0.34449893
s06_0train_r1_t23,6,0train,1,23,4,44180,False,Q10-E001,MU_BETA_CSP8_EEGNET,loso_s6,20260924,5,mean_rank,4,4,0.00051893195,0.3202166,0.117740735,0.56152374
s06_0train_r1_t24,6,0train,1,24,4,46211,False,Q10-E001,MU_BETA_CSP8_EEGNET,loso_s6,20260924,5,mean_rank,4,4,0.0019447956,0.017753985,0.10706567,0.8732355
s06_0train_r1_t25,6,0train,1,25,4,48164,False,Q10-E001,MU_BETA_CSP8_EEGNET,loso_s6,20260924,5,mean_rank,4,4,0.00020869786,0.011895784,0.45858738,0.52930814
s06_0train_r1_t26,6,0train,1,26,3,50125,False,Q10-E001,MU_BETA_CSP8_EEGNET,loso_s6,20260924,5,mean_rank,3,4,0.0049472665,0.068608075,0.40532944,0.52111524
s06_0train_r1_t27,6,0train,1,27,3,52229,True,Q10-E001,MU_BETA_CSP8_EEGNET,loso_s6,20260924,5,mean_rank,3,3,0.00032880506,0.001487908,0.76403016,0.23415312
s06_0train_r1_t28,6,0train,1,28,3,54233,True,Q10-E001,MU_BETA_CSP8_EEGNET,loso_s6,20260924,5,mean_rank,3,4,0.06036368,0.07041677,0.18200345,0.6872161
s06_0train_r1_t29,6,0train,1,29,1,56208,False,Q10-E001,MU_BETA_CSP8_EEGNET,loso_s6,20260924,5,mean_rank,1,4,0.00013935688,0.0109952055,0.4131113,0.5757541
s06_0train_r1_t30,6,0train,1,30,2,58234,True,Q10-E001,MU_BETA_CSP8_EEGNET,loso_s6,20260924,5,mean_rank,2,3,0.00040492995,0.02029411,0.52592605,0.45337492
s06_0train_r1_t31,6,0train,1,31,2,60305,False,Q10-E001,MU_BETA_CSP8_EEGNET,loso_s6,20260924,5,mean_rank,2,3,0.0040369937,0.101432964,0.4582882,0.43624187
s06_0train_r1_t32,6,0train,1,32,2,62412,False,Q10-E001,MU_BETA_CSP8_EEGNET,loso_s6,20260924,5,mean_rank,2,4,0.0007693531,0.081070974,0.4352636,0.48289603
s06_0train_r1_t33,6,0train,1,33,3,64504,False,Q10-E001,MU_BETA_CSP8_EEGNET,loso_s6,20260924,5,mean_rank,3,3,0.00049697154,0.041612286,0.7092628,0.24862789
s06_0train_r1_t34,6,0train,1,34,3,66595,True,Q10-E001,MU_BETA_CSP8_EEGNET,loso_s6,20260924,5,mean_rank,3,3,2.3588063e-05,0.00594716,0.5070988,0.48693046
s06_0train_r1_t35,6,0train,1,35,2,68638,False,Q10-E001,MU_BETA_CSP8_EEGNET,loso_s6,20260924,5,mean_rank,2,3,0.0029249273,0.09416279,0.71821445,0.1846978
s06_0train_r1_t36,6,0train,1,36,3,70702,True,Q10-E001,MU_BETA_CSP8_EEGNET,loso_s6,20260924,5,mean_rank,3,3,0.0007814765,0.07015383,0.518396,0.41066864
s06_0train_r1_t37,6,0train,1,37,1,72722,False,Q10-E001,MU_BETA_CSP8_EEGNET,loso_s6,20260924,5,mean_rank,1,4,0.00427164,0.07362709,0.29388383,0.62821746
s06_0train_r1_t38,6,0train,1,38,3,74694,False,Q10-E001,MU_BETA_CSP8_EEGNET,loso_s6,20260924,5,mean_rank,3,4,0.060597338,0.14539273,0.2662009,0.527809
s06_0train_r1_t39,6,0train,1,39,3,76657,True,Q10-E001,MU_BETA_CSP8_EEGNET,loso_s6,20260924,5,mean_rank,3,1,0.59200937,0.030407432,0.20571311,0.17187002
s06_0train_r1_t40,6,0train,1,40,2,78582,False,Q10-E001,MU_BETA_CSP8_EEGNET,loso_s6,20260924,5,mean_rank,2,3,0.0048303935,0.036750924,0.56398296,0.39443567
s06_0train_r1_t41,6,0train,1,41,2,80663,False,Q10-E001,MU_BETA_CSP8_EEGNET,loso_s6,20260924,5,mean_rank,2,4,0.00051545835,0.33480668,0.29500106,0.3696768
s06_0train_r1_t42,6,0train,1,42,1,82641,True,Q10-E001,MU_BETA_CSP8_EEGNET,loso_s6,20260924,5,mean_rank,1,4,0.07886357,0.009141758,0.2793397,0.632655
s06_0train_r1_t43,6,0train,1,43,2,84631,False,Q10-E001,MU_BETA_CSP8_EEGNET,loso_s6,20260924,5,mean_rank,2,4,0.010835226,0.16596869,0.3213935,0.5018026
s06_0train_r1_t44,6,0train,1,44,1,86750,True,Q10-E001,MU_BETA_CSP8_EEGNET,loso_s6,20260924,5,mean_rank,1,2,0.01924706,0.50949204,0.22519156,0.24606933
s06_0train_r1_t45,6,0train,1,45,1,88656,True,Q10-E001,MU_BETA_CSP8_EEGNET,loso_s6,20260924,5,mean_rank,1,4,0.03555324,0.0064983196,0.43944347,0.518505
s06_0train_r1_t46,6,0train,1,46,4,90584,True,Q10-E001,MU_BETA_CSP8_EEGNET,loso_s6,20260924,5,mean_rank,4,3,0.0010414777,0.01727795,0.889977,0.091703594
s06_0train_r1_t47,6,0train,1,47,4,92698,False,Q10-E001,MU_BETA_CSP8_EEGNET,loso_s6,20260924,5,mean_rank,4,4,0.0017848308,0.26926962,0.2955455,0.4334001
s06_0train_r1_t48,6,0train,1,48,2,94757,True,Q10-E001,MU_BETA_CSP8_EEGNET,loso_s6,20260924,5,mean_rank,2,4,0.0005842479,0.122420214,0.35991982,0.5170757
s06_0train_r2_t01,6,0train,2,1,2,250,True,Q10-E001,MU_BETA_CSP8_EEGNET,loso_s6,20260924,5,mean_rank,2,4,0.013383487,0.11120408,0.3806311,0.49478135
s06_0train_r2_t02,6,0train,2,2,4,2253,True,Q10-E001,MU_BETA_CSP8_EEGNET,loso_s6,20260924,5,mean_rank,4,4,0.282551,0.18292391,0.22465439,0.30987075
s06_0train_r2_t03,6,0train,2,3,1,4171,False,Q10-E001,MU_BETA_CSP8_EEGNET,loso_s6,20260924,5,mean_rank,1,4,0.00033966123,0.030011026,0.31107536,0.6585739
s06_0train_r2_t04,6,0train,2,4,4,6123,False,Q10-E001,MU_BETA_CSP8_EEGNET,loso_s6,20260924,5,mean_rank,4,3,2.6912503e-05,0.00072604953,0.5192639,0.4799831
s06_0train_r2_t05,6,0train,2,5,2,8131,False,Q10-E001,MU_BETA_CSP8_EEGNET,loso_s6,20260924,5,mean_rank,2,3,0.22932826,0.19269042,0.31965485,0.25832644
s06_0train_r2_t06,6,0train,2,6,4,10242,False,Q10-E001,MU_BETA_CSP8_EEGNET,loso_s6,20260924,5,mean_rank,4,4,3.817006e-06,0.003536509,0.34007955,0.65638006
s06_0train_r2_t07,6,0train,2,7,1,12159,False,Q10-E001,MU_BETA_CSP8_EEGNET,loso_s6,20260924,5,mean_rank,1,3,0.020681353,0.00011512217,0.70162565,0.2775779
s06_0train_r2_t08,6,0train,2,8,2,14209,False,Q10-E001,MU_BETA_CSP8_EEGNET,loso_s6,20260924,5,mean_rank,2,3,0.0017692229,0.011920007,0.55399084,0.43231988
s06_0train_r2_t09,6,0train,2,9,4,16140,False,Q10-E001,MU_BETA_CSP8_EEGNET,loso_s6,20260924,5,mean_rank,4,4,2.1154217e-05,0.0016934853,0.24852914,0.7497562
s06_0train_r2_t10,6,0train,2,10,4,18138,True,Q10-E001,MU_BETA_CSP8_EEGNET,loso_s6,20260924,5,mean_rank,4,3,2.3463677e-05,0.0035357436,0.5006592,0.49578157
s06_0train_r2_t11,6,0train,2,11,2,20044,False,Q10-E001,MU_BETA_CSP8_EEGNET,loso_s6,20260924,5,mean_rank,2,3,0.0032063012,0.00021435715,0.5217396,0.47483978
s06_0train_r2_t12,6,0train,2,12,3,21939,False,Q10-E001,MU_BETA_CSP8_EEGNET,loso_s6,20260924,5,mean_rank,3,4,2.220895e-05,0.0009282983,0.4002946,0.5987549
s06_0train_r2_t13,6,0train,2,13,2,23911,False,Q10-E001,MU_BETA_CSP8_EEGNET,loso_s6,20260924,5,mean_rank,2,2,0.03209066,0.47842535,0.3021797,0.18730429
s06_0train_r2_t14,6,0train,2,14,1,25855,False,Q10-E001,MU_BETA_CSP8_EEGNET,loso_s6,20260924,5,mean_rank,1,4,0.30878547,1.6411956e-05,0.24392723,0.4472709
s06_0train_r2_t15,6,0train,2,15,1,27822,False,Q10-E001,MU_BETA_CSP8_EEGNET,loso_s6,20260924,5,mean_rank,1,4,0.2768524,0.00043077162,0.15814622,0.56457055
s06_0train_r2_t16,6,0train,2,16,2,29942,False,Q10-E001,MU_BETA_CSP8_EEGNET,loso_s6,20260924,5,mean_rank,2,4,9.6232536e-05,0.09305899,0.3375237,0.5693211
s06_0train_r2_t17,6,0train,2,17,4,31950,False,Q10-E001,MU_BETA_CSP8_EEGNET,loso_s6,20260924,5,mean_rank,4,4,0.00054024253,0.012896674,0.46477723,0.52178586
s06_0train_r2_t18,6,0train,2,18,1,34016,False,Q10-E001,MU_BETA_CSP8_EEGNET,loso_s6,20260924,5,mean_rank,1,4,0.016922148,0.00079977344,0.3150837,0.6671943
s06_0train_r2_t19,6,0train,2,19,4,36052,False,Q10-E001,MU_BETA_CSP8_EEGNET,loso_s6,20260924,5,mean_rank,4,4,0.0023299053,0.022701701,0.1689226,0.8060458
s06_0train_r2_t20,6,0train,2,20,2,38118,False,Q10-E001,MU_BETA_CSP8_EEGNET,loso_s6,20260924,5,mean_rank,2,4,0.00051327294,0.03452673,0.11838899,0.84657097
s06_0train_r2_t21,6,0train,2,21,1,40188,False,Q10-E001,MU_BETA_CSP8_EEGNET,loso_s6,20260924,5,mean_rank,1,3,0.0017399027,0.33237317,0.34867284,0.31721413
s06_0train_r2_t22,6,0train,2,22,3,42268,False,Q10-E001,MU_BETA_CSP8_EEGNET,loso_s6,20260924,5,mean_rank,3,4,0.0010757826,7.2305294e-05,0.4560347,0.5428173
s06_0train_r2_t23,6,0train,2,23,3,44180,False,Q10-E001,MU_BETA_CSP8_EEGNET,loso_s6,20260924,5,mean_rank,3,3,0.0018874952,0.107171595,0.79191065,0.09903033
s06_0train_r2_t24,6,0train,2,24,1,46211,False,Q10-E001,MU_BETA_CSP8_EEGNET,loso_s6,20260924,5,mean_rank,1,4,0.00015890542,0.0014858365,0.4100232,0.5883321
s06_0train_r2_t25,6,0train,2,25,2,48164,False,Q10-E001,MU_BETA_CSP8_EEGNET,loso_s6,20260924,5,mean_rank,2,4,0.002575015,0.001114552,0.14558241,0.85072803
s06_0train_r2_t26,6,0train,2,26,4,50125,True,Q10-E001,MU_BETA_CSP8_EEGNET,loso_s6,20260924,5,mean_rank,4,4,0.007863939,0.05902242,0.24307299,0.6900407
s06_0train_r2_t27,6,0train,2,27,3,52229,False,Q10-E001,MU_BETA_CSP8_EEGNET,loso_s6,20260924,5,mean_rank,3,4,0.00019299876,0.0033890596,0.18245623,0.8139617
s06_0train_r2_t28,6,0train,2,28,3,54233,False,Q10-E001,MU_BETA_CSP8_EEGNET,loso_s6,20260924,5,mean_rank,3,4,0.0009588649,0.00015955862,0.30946666,0.6894149
s06_0train_r2_t29,6,0train,2,29,3,56208,True,Q10-E001,MU_BETA_CSP8_EEGNET,loso_s6,20260924,5,mean_rank,3,4,0.0002964407,0.011330199,0.25801593,0.7303574
s06_0train_r2_t30,6,0train,2,30,3,58234,False,Q10-E001,MU_BETA_CSP8_EEGNET,loso_s6,20260924,5,mean_rank,3,4,3.1975836e-05,0.0066740653,0.20035368,0.79294026
s06_0train_r2_t31,6,0train,2,31,1,60305,False,Q10-E001,MU_BETA_CSP8_EEGNET,loso_s6,20260924,5,mean_rank,1,3,0.0015541036,0.0011708089,0.7124375,0.28483754
s06_0train_r2_t32,6,0train,2,32,3,62412,True,Q10-E001,MU_BETA_CSP8_EEGNET,loso_s6,20260924,5,mean_rank,3,1,0.44340983,0.027330792,0.25169867,0.27756074
s06_0train_r2_t33,6,0train,2,33,4,64504,True,Q10-E001,MU_BETA_CSP8_EEGNET,loso_s6,20260924,5,mean_rank,4,4,6.1091916e-05,0.0015861325,0.4907834,0.50756943
s06_0train_r2_t34,6,0train,2,34,3,66595,False,Q10-E001,MU_BETA_CSP8_EEGNET,loso_s6,20260924,5,mean_rank,3,4,0.0021766778,0.023140859,0.19215487,0.78252757
s06_0train_r2_t35,6,0train,2,35,1,68638,False,Q10-E001,MU_BETA_CSP8_EEGNET,loso_s6,20260924,5,mean_rank,1,2,0.0006977977,0.57097167,0.13079995,0.29753065
s06_0train_r2_t36,6,0train,2,36,3,70702,True,Q10-E001,MU_BETA_CSP8_EEGNET,loso_s6,20260924,5,mean_rank,3,4,0.003494226,0.24692,0.22743528,0.5221505
s06_0train_r2_t37,6,0train,2,37,1,72722,False,Q10-E001,MU_BETA_CSP8_EEGNET,loso_s6,20260924,5,mean_rank,1,4,0.00094388134,0.32928976,0.30770525,0.36206108
s06_0train_r2_t38,6,0train,2,38,4,74694,False,Q10-E001,MU_BETA_CSP8_EEGNET,loso_s6,20260924,5,mean_rank,4,4,0.2821684,0.11732978,0.27479443,0.32570738
s06_0train_r2_t39,6,0train,2,39,1,76657,False,Q10-E001,MU_BETA_CSP8_EEGNET,loso_s6,20260924,5,mean_rank,1,1,0.5703871,0.027908145,0.18673958,0.21496518
s06_0train_r2_t40,6,0train,2,40,2,78582,True,Q10-E001,MU_BETA_CSP8_EEGNET,loso_s6,20260924,5,mean_rank,2,3,0.040161993,0.15709431,0.45577827,0.34696546
s06_0train_r2_t41,6,0train,2,41,3,80663,True,Q10-E001,MU_BETA_CSP8_EEGNET,loso_s6,20260924,5,mean_rank,3,4,0.23882142,0.086297,0.32316422,0.35171735
s06_0train_r2_t42,6,0train,2,42,2,82641,False,Q10-E001,MU_BETA_CSP8_EEGNET,loso_s6,20260924,5,mean_rank,2,3,0.0108297765,0.2269361,0.4066941,0.3555399
s06_0train_r2_t43,6,0train,2,43,1,84631,True,Q10-E001,MU_BETA_CSP8_EEGNET,loso_s6,20260924,5,mean_rank,1,2,0.02144297,0.47967094,0.29711002,0.20177612
s06_0train_r2_t44,6,0train,2,44,2,86750,False,Q10-E001,MU_BETA_CSP8_EEGNET,loso_s6,20260924,5,mean_rank,2,3,3.391708e-05,0.034857765,0.7018975,0.26321083
s06_0train_r2_t45,6,0train,2,45,2,88656,True,Q10-E001,MU_BETA_CSP8_EEGNET,loso_s6,20260924,5,mean_rank,2,4,0.0046807625,0.03636597,0.45008558,0.5088677
s06_0train_r2_t46,6,0train,2,46,4,90584,True,Q10-E001,MU_BETA_CSP8_EEGNET,loso_s6,20260924,5,mean_rank,4,3,0.013658856,0.0039890977,0.59323925,0.38911283
s06_0train_r2_t47,6,0train,2,47,3,92698,False,Q10-E001,MU_BETA_CSP8_EEGNET,loso_s6,20260924,5,mean_rank,3,4,0.0011457886,0.0030049265,0.35960737,0.63624185
s06_0train_r2_t48,6,0train,2,48,4,94757,False,Q10-E001,MU_BETA_CSP8_EEGNET,loso_s6,20260924,5,mean_rank,4,4,0.0030442695,0.00063179777,0.30233744,0.69398654
s06_0train_r3_t01,6,0train,3,1,1,250,True,Q10-E001,MU_BETA_CSP8_EEGNET,loso_s6,20260924,5,mean_rank,1,3,0.11613926,0.15753545,0.49563855,0.23068675
s06_0train_r3_t02,6,0train,3,2,1,2253,False,Q10-E001,MU_BETA_CSP8_EEGNET,loso_s6,20260924,5,mean_rank,1,3,0.052285537,0.0073793163,0.56021756,0.38011762
s06_0train_r3_t03,6,0train,3,3,2,4171,False,Q10-E001,MU_BETA_CSP8_EEGNET,loso_s6,20260924,5,mean_rank,2,3,0.002513323,0.12283808,0.51041394,0.36423472
s06_0train_r3_t04,6,0train,3,4,4,6123,False,Q10-E001,MU_BETA_CSP8_EEGNET,loso_s6,20260924,5,mean_rank,4,4,1.2434549e-06,6.6935686e-06,0.039607212,0.9603849
s06_0train_r3_t05,6,0train,3,5,1,8131,True,Q10-E001,MU_BETA_CSP8_EEGNET,loso_s6,20260924,5,mean_rank,1,3,0.017031984,0.128524,0.6397178,0.21472624
s06_0train_r3_t06,6,0train,3,6,4,10242,False,Q10-E001,MU_BETA_CSP8_EEGNET,loso_s6,20260924,5,mean_rank,4,4,1.2966112e-05,0.003649407,0.07277595,0.92356163
s06_0train_r3_t07,6,0train,3,7,4,12159,False,Q10-E001,MU_BETA_CSP8_EEGNET,loso_s6,20260924,5,mean_rank,4,4,0.002646336,0.00071237975,0.41626692,0.58037436
s06_0train_r3_t08,6,0train,3,8,4,14209,False,Q10-E001,MU_BETA_CSP8_EEGNET,loso_s6,20260924,5,mean_rank,4,4,0.0011132746,0.0032481095,0.46972004,0.5259186
s06_0train_r3_t09,6,0train,3,9,1,16140,False,Q10-E001,MU_BETA_CSP8_EEGNET,loso_s6,20260924,5,mean_rank,1,3,0.030659396,0.013062687,0.53032285,0.42595503
s06_0train_r3_t10,6,0train,3,10,3,18138,False,Q10-E001,MU_BETA_CSP8_EEGNET,loso_s6,20260924,5,mean_rank,3,4,0.0010499652,0.00012831684,0.25690067,0.741921
s06_0train_r3_t11,6,0train,3,11,4,20044,True,Q10-E001,MU_BETA_CSP8_EEGNET,loso_s6,20260924,5,mean_rank,4,3,4.8280867e-06,0.23794486,0.53019977,0.23185061
s06_0train_r3_t12,6,0train,3,12,4,21939,False,Q10-E001,MU_BETA_CSP8_EEGNET,loso_s6,20260924,5,mean_rank,4,4,0.00021390957,0.0009047151,0.18754025,0.81134117
s06_0train_r3_t13,6,0train,3,13,2,23911,False,Q10-E001,MU_BETA_CSP8_EEGNET,loso_s6,20260924,5,mean_rank,2,3,0.02279276,0.3501694,0.391635,0.23540287
s06_0train_r3_t14,6,0train,3,14,2,25855,True,Q10-E001,MU_BETA_CSP8_EEGNET,loso_s6,20260924,5,mean_rank,2,3,0.00992353,0.21910235,0.4000492,0.37092495
s06_0train_r3_t15,6,0train,3,15,4,27822,False,Q10-E001,MU_BETA_CSP8_EEGNET,loso_s6,20260924,5,mean_rank,4,3,0.00056710024,0.0027305335,0.5060548,0.49064752
s06_0train_r3_t16,6,0train,3,16,1,29942,True,Q10-E001,MU_BETA_CSP8_EEGNET,loso_s6,20260924,5,mean_rank,1,3,0.19023748,0.0013798283,0.51206446,0.29631823
s06_0train_r3_t17,6,0train,3,17,4,31950,False,Q10-E001,MU_BETA_CSP8_EEGNET,loso_s6,20260924,5,mean_rank,4,4,4.933629e-05,0.014586033,0.17510709,0.81025755
s06_0train_r3_t18,6,0train,3,18,3,34016,False,Q10-E001,MU_BETA_CSP8_EEGNET,loso_s6,20260924,5,mean_rank,3,4,0.0005831385,0.0012571885,0.3243846,0.67377514
s06_0train_r3_t19,6,0train,3,19,2,36052,True,Q10-E001,MU_BETA_CSP8_EEGNET,loso_s6,20260924,5,mean_rank,2,3,0.0007346547,0.042285122,0.5237059,0.43327427
s06_0train_r3_t20,6,0train,3,20,3,38118,True,Q10-E001,MU_BETA_CSP8_EEGNET,loso_s6,20260924,5,mean_rank,3,4,0.0002517228,0.00010894542,0.46951142,0.5301279
s06_0train_r3_t21,6,0train,3,21,2,40188,False,Q10-E001,MU_BETA_CSP8_EEGNET,loso_s6,20260924,5,mean_rank,2,4,0.0009577329,0.057097286,0.40172455,0.5402204
s06_0train_r3_t22,6,0train,3,22,4,42268,False,Q10-E001,MU_BETA_CSP8_EEGNET,loso_s6,20260924,5,mean_rank,4,4,0.00017179892,0.0007009386,0.22685654,0.7722707
s06_0train_r3_t23,6,0train,3,23,1,44180,False,Q10-E001,MU_BETA_CSP8_EEGNET,loso_s6,20260924,5,mean_rank,1,3,0.17668538,0.17156494,0.40323758,0.2485121
s06_0train_r3_t24,6,0train,3,24,1,46211,False,Q10-E001,MU_BETA_CSP8_EEGNET,loso_s6,20260924,5,mean_rank,1,3,0.00044637252,0.004452331,0.72744066,0.26766068
s06_0train_r3_t25,6,0train,3,25,2,48164,False,Q10-E001,MU_BETA_CSP8_EEGNET,loso_s6,20260924,5,mean_rank,2,3,5.546084e-05,0.0558393,0.57675767,0.36734757
s06_0train_r3_t26,6,0train,3,26,3,50125,False,Q10-E001,MU_BETA_CSP8_EEGNET,loso_s6,20260924,5,mean_rank,3,4,0.007420866,0.001156674,0.29520357,0.6962189
s06_0train_r3_t27,6,0train,3,27,1,52229,False,Q10-E001,MU_BETA_CSP8_EEGNET,loso_s6,20260924,5,mean_rank,1,3,0.21429388,0.0042161085,0.5284278,0.25306222
s06_0train_r3_t28,6,0train,3,28,4,54233,False,Q10-E001,MU_BETA_CSP8_EEGNET,loso_s6,20260924,5,mean_rank,4,4,0.0006651823,0.0006024828,0.4703648,0.5283676
s06_0train_r3_t29,6,0train,3,29,1,56208,False,Q10-E001,MU_BETA_CSP8_EEGNET,loso_s6,20260924,5,mean_rank,1,4,0.001383725,0.079908796,0.29910764,0.6195999
s06_0train_r3_t30,6,0train,3,30,3,58234,False,Q10-E001,MU_BETA_CSP8_EEGNET,loso_s6,20260924,5,mean_rank,3,4,0.00019231375,0.0018296761,0.13061284,0.8673652
s06_0train_r3_t31,6,0train,3,31,3,60305,False,Q10-E001,MU_BETA_CSP8_EEGNET,loso_s6,20260924,5,mean_rank,3,3,0.00011606108,0.0009810695,0.69746953,0.3014334
s06_0train_r3_t32,6,0train,3,32,3,62412,False,Q10-E001,MU_BETA_CSP8_EEGNET,loso_s6,20260924,5,mean_rank,3,4,0.00011275204,0.0035628772,0.04727518,0.94904923
s06_0train_r3_t33,6,0train,3,33,2,64504,False,Q10-E001,MU_BETA_CSP8_EEGNET,loso_s6,20260924,5,mean_rank,2,3,0.0007120842,0.086417966,0.49599543,0.41687456
s06_0train_r3_t34,6,0train,3,34,2,66595,False,Q10-E001,MU_BETA_CSP8_EEGNET,loso_s6,20260924,5,mean_rank,2,4,0.0029754278,0.005042242,0.44596797,0.5460143
s06_0train_r3_t35,6,0train,3,35,2,68638,False,Q10-E001,MU_BETA_CSP8_EEGNET,loso_s6,20260924,5,mean_rank,2,4,0.00016258645,0.056997113,0.06846878,0.87437147
s06_0train_r3_t36,6,0train,3,36,3,70702,False,Q10-E001,MU_BETA_CSP8_EEGNET,loso_s6,20260924,5,mean_rank,3,3,0.0002425131,0.000646281,0.885593,0.11351817
s06_0train_r3_t37,6,0train,3,37,1,72722,False,Q10-E001,MU_BETA_CSP8_EEGNET,loso_s6,20260924,5,mean_rank,1,3,0.3141949,0.018383697,0.55078876,0.11663269
s06_0train_r3_t38,6,0train,3,38,2,74694,True,Q10-E001,MU_BETA_CSP8_EEGNET,loso_s6,20260924,5,mean_rank,2,4,0.0011469015,0.020831924,0.42345652,0.55456465
s06_0train_r3_t39,6,0train,3,39,1,76657,False,Q10-E001,MU_BETA_CSP8_EEGNET,loso_s6,20260924,5,mean_rank,1,4,0.104258716,0.0053041144,0.3776658,0.51277137
s06_0train_r3_t40,6,0train,3,40,4,78582,False,Q10-E001,MU_BETA_CSP8_EEGNET,loso_s6,20260924,5,mean_rank,4,3,0.0002571712,0.00794703,0.64523953,0.3465563
s06_0train_r3_t41,6,0train,3,41,4,80663,False,Q10-E001,MU_BETA_CSP8_EEGNET,loso_s6,20260924,5,mean_rank,4,4,4.1410494e-05,0.03239769,0.45104706,0.5165138
s06_0train_r3_t42,6,0train,3,42,3,82641,False,Q10-E001,MU_BETA_CSP8_EEGNET,loso_s6,20260924,5,mean_rank,3,4,3.0562678e-05,0.0009554719,0.04324898,0.955765
s06_0train_r3_t43,6,0train,3,43,3,84631,True,Q10-E001,MU_BETA_CSP8_EEGNET,loso_s6,20260924,5,mean_rank,3,4,4.117581e-05,0.004821645,0.26350102,0.73163617
s06_0train_r3_t44,6,0train,3,44,2,86750,False,Q10-E001,MU_BETA_CSP8_EEGNET,loso_s6,20260924,5,mean_rank,2,3,0.13174595,0.17103496,0.36422732,0.33299175
s06_0train_r3_t45,6,0train,3,45,2,88656,False,Q10-E001,MU_BETA_CSP8_EEGNET,loso_s6,20260924,5,mean_rank,2,3,0.0002694439,0.0035650625,0.557738,0.43842745
s06_0train_r3_t46,6,0train,3,46,1,90584,False,Q10-E001,MU_BETA_CSP8_EEGNET,loso_s6,20260924,5,mean_rank,1,3,0.0126632815,0.004358078,0.51522154,0.46775714
s06_0train_r3_t47,6,0train,3,47,3,92698,False,Q10-E001,MU_BETA_CSP8_EEGNET,loso_s6,20260924,5,mean_rank,3,3,0.00078971224,0.00019594583,0.67624664,0.32276776
s06_0train_r3_t48,6,0train,3,48,3,94757,True,Q10-E001,MU_BETA_CSP8_EEGNET,loso_s6,20260924,5,mean_rank,3,2,9.326536e-05,0.82727015,0.11368564,0.05895095
s06_0train_r4_t01,6,0train,4,1,4,250,False,Q10-E001,MU_BETA_CSP8_EEGNET,loso_s6,20260924,5,mean_rank,4,4,0.00019432332,0.00018059697,0.2298837,0.7697414
s06_0train_r4_t02,6,0train,4,2,1,2253,False,Q10-E001,MU_BETA_CSP8_EEGNET,loso_s6,20260924,5,mean_rank,1,4,0.17684752,0.0018271441,0.37710515,0.4442201
s06_0train_r4_t03,6,0train,4,3,3,4171,True,Q10-E001,MU_BETA_CSP8_EEGNET,loso_s6,20260924,5,mean_rank,3,4,6.8870584e-05,4.5327342e-05,0.1935897,0.8062961
s06_0train_r4_t04,6,0train,4,4,4,6123,False,Q10-E001,MU_BETA_CSP8_EEGNET,loso_s6,20260924,5,mean_rank,4,3,0.035674665,0.00013700755,0.6531539,0.3110345
s06_0train_r4_t05,6,0train,4,5,2,8131,False,Q10-E001,MU_BETA_CSP8_EEGNET,loso_s6,20260924,5,mean_rank,2,3,0.0008950912,0.19722545,0.54116166,0.2607178
s06_0train_r4_t06,6,0train,4,6,2,10242,False,Q10-E001,MU_BETA_CSP8_EEGNET,loso_s6,20260924,5,mean_rank,2,4,0.00028901678,0.00202539,0.42785984,0.56982577
s06_0train_r4_t07,6,0train,4,7,3,12159,False,Q10-E001,MU_BETA_CSP8_EEGNET,loso_s6,20260924,5,mean_rank,3,4,0.00771133,0.017243398,0.4335069,0.54153836
s06_0train_r4_t08,6,0train,4,8,3,14209,True,Q10-E001,MU_BETA_CSP8_EEGNET,loso_s6,20260924,5,mean_rank,3,4,3.3531513e-05,0.00016217309,0.26734233,0.73246205
s06_0train_r4_t09,6,0train,4,9,1,16140,False,Q10-E001,MU_BETA_CSP8_EEGNET,loso_s6,20260924,5,mean_rank,1,3,0.020283794,0.00077322696,0.56770927,0.41123375
s06_0train_r4_t10,6,0train,4,10,1,18138,False,Q10-E001,MU_BETA_CSP8_EEGNET,loso_s6,20260924,5,mean_rank,1,4,0.013853693,4.4079967e-05,0.42888027,0.55722195
s06_0train_r4_t11,6,0train,4,11,2,20044,False,Q10-E001,MU_BETA_CSP8_EEGNET,loso_s6,20260924,5,mean_rank,2,3,0.0065897736,0.015429331,0.8805142,0.09746669
s06_0train_r4_t12,6,0train,4,12,2,21939,False,Q10-E001,MU_BETA_CSP8_EEGNET,loso_s6,20260924,5,mean_rank,2,2,0.023372319,0.50740004,0.28993693,0.17929079
s06_0train_r4_t13,6,0train,4,13,1,23911,False,Q10-E001,MU_BETA_CSP8_EEGNET,loso_s6,20260924,5,mean_rank,1,3,0.0008868371,0.042209793,0.7061638,0.25073954
s06_0train_r4_t14,6,0train,4,14,4,25855,False,Q10-E001,MU_BETA_CSP8_EEGNET,loso_s6,20260924,5,mean_rank,4,4,0.006319199,0.0004938565,0.45700008,0.53618693
s06_0train_r4_t15,6,0train,4,15,1,27822,True,Q10-E001,MU_BETA_CSP8_EEGNET,loso_s6,20260924,5,mean_rank,1,1,0.42453876,0.009304735,0.2944372,0.27171934
s06_0train_r4_t16,6,0train,4,16,2,29942,False,Q10-E001,MU_BETA_CSP8_EEGNET,loso_s6,20260924,5,mean_rank,2,2,0.015426292,0.34434846,0.33995855,0.30026665
s06_0train_r4_t17,6,0train,4,17,3,31950,False,Q10-E001,MU_BETA_CSP8_EEGNET,loso_s6,20260924,5,mean_rank,3,4,0.00016320635,0.0005426574,0.4733037,0.5259904
s06_0train_r4_t18,6,0train,4,18,1,34016,True,Q10-E001,MU_BETA_CSP8_EEGNET,loso_s6,20260924,5,mean_rank,1,4,0.0043306323,0.031770423,0.4620386,0.5018604
s06_0train_r4_t19,6,0train,4,19,4,36052,False,Q10-E001,MU_BETA_CSP8_EEGNET,loso_s6,20260924,5,mean_rank,4,4,3.5533925e-05,0.009343235,0.43653762,0.5540836
s06_0train_r4_t20,6,0train,4,20,2,38118,False,Q10-E001,MU_BETA_CSP8_EEGNET,loso_s6,20260924,5,mean_rank,2,3,0.0008353609,0.26234373,0.4459541,0.29086676
s06_0train_r4_t21,6,0train,4,21,2,40188,False,Q10-E001,MU_BETA_CSP8_EEGNET,loso_s6,20260924,5,mean_rank,2,3,0.012073129,0.0011372394,0.66222084,0.32456884
s06_0train_r4_t22,6,0train,4,22,2,42268,False,Q10-E001,MU_BETA_CSP8_EEGNET,loso_s6,20260924,5,mean_rank,2,3,0.0001616903,0.16118081,0.66996115,0.1686963
s06_0train_r4_t23,6,0train,4,23,1,44180,False,Q10-E001,MU_BETA_CSP8_EEGNET,loso_s6,20260924,5,mean_rank,1,3,0.3405285,0.01062327,0.37062043,0.27822778
s06_0train_r4_t24,6,0train,4,24,2,46211,False,Q10-E001,MU_BETA_CSP8_EEGNET,loso_s6,20260924,5,mean_rank,2,3,0.0007640465,0.030446125,0.6937937,0.2749961
s06_0train_r4_t25,6,0train,4,25,2,48164,False,Q10-E001,MU_BETA_CSP8_EEGNET,loso_s6,20260924,5,mean_rank,2,4,0.00045705432,0.00036750012,0.4471095,0.55206597
s06_0train_r4_t26,6,0train,4,26,1,50125,False,Q10-E001,MU_BETA_CSP8_EEGNET,loso_s6,20260924,5,mean_rank,1,3,0.00075303816,0.017060012,0.87109715,0.11108973
s06_0train_r4_t27,6,0train,4,27,4,52229,False,Q10-E001,MU_BETA_CSP8_EEGNET,loso_s6,20260924,5,mean_rank,4,4,0.0014494633,0.002681768,0.47306648,0.5228023
s06_0train_r4_t28,6,0train,4,28,4,54233,False,Q10-E001,MU_BETA_CSP8_EEGNET,loso_s6,20260924,5,mean_rank,4,4,0.0051917853,0.0007221417,0.3015215,0.69256455
s06_0train_r4_t29,6,0train,4,29,4,56208,False,Q10-E001,MU_BETA_CSP8_EEGNET,loso_s6,20260924,5,mean_rank,4,4,0.0011854104,0.19425341,0.24573134,0.55882984
s06_0train_r4_t30,6,0train,4,30,1,58234,True,Q10-E001,MU_BETA_CSP8_EEGNET,loso_s6,20260924,5,mean_rank,1,4,0.07389645,0.00025830045,0.39486837,0.53097683
s06_0train_r4_t31,6,0train,4,31,1,60305,False,Q10-E001,MU_BETA_CSP8_EEGNET,loso_s6,20260924,5,mean_rank,1,3,0.050138433,0.031352054,0.5813957,0.3371139
s06_0train_r4_t32,6,0train,4,32,3,62412,False,Q10-E001,MU_BETA_CSP8_EEGNET,loso_s6,20260924,5,mean_rank,3,3,0.00021197388,0.038690593,0.5419826,0.41911486
s06_0train_r4_t33,6,0train,4,33,4,64504,False,Q10-E001,MU_BETA_CSP8_EEGNET,loso_s6,20260924,5,mean_rank,4,4,0.0007107606,0.04874827,0.4626732,0.4878678
s06_0train_r4_t34,6,0train,4,34,4,66595,False,Q10-E001,MU_BETA_CSP8_EEGNET,loso_s6,20260924,5,mean_rank,4,4,0.008635215,0.061259955,0.45487958,0.47522527
s06_0train_r4_t35,6,0train,4,35,3,68638,False,Q10-E001,MU_BETA_CSP8_EEGNET,loso_s6,20260924,5,mean_rank,3,3,0.0011540279,0.008131534,0.49740648,0.49330798
s06_0train_r4_t36,6,0train,4,36,2,70702,False,Q10-E001,MU_BETA_CSP8_EEGNET,loso_s6,20260924,5,mean_rank,2,3,0.00075745094,0.035651714,0.49554783,0.4680431
s06_0train_r4_t37,6,0train,4,37,3,72722,False,Q10-E001,MU_BETA_CSP8_EEGNET,loso_s6,20260924,5,mean_rank,3,3,0.0016485156,0.11846428,0.67538494,0.2045023
s06_0train_r4_t38,6,0train,4,38,4,74694,False,Q10-E001,MU_BETA_CSP8_EEGNET,loso_s6,20260924,5,mean_rank,4,4,0.00019154912,0.17282368,0.20595914,0.6210256
s06_0train_r4_t39,6,0train,4,39,4,76657,True,Q10-E001,MU_BETA_CSP8_EEGNET,loso_s6,20260924,5,mean_rank,4,4,0.11582995,0.12882909,0.28098306,0.47435787
s06_0train_r4_t40,6,0train,4,40,1,78582,False,Q10-E001,MU_BETA_CSP8_EEGNET,loso_s6,20260924,5,mean_rank,1,3,0.00061207777,0.17506966,0.5842763,0.24004197
s06_0train_r4_t41,6,0train,4,41,3,80663,False,Q10-E001,MU_BETA_CSP8_EEGNET,loso_s6,20260924,5,mean_rank,3,1,0.6073797,0.058535103,0.26264933,0.071435876
s06_0train_r4_t42,6,0train,4,42,3,82641,False,Q10-E001,MU_BETA_CSP8_EEGNET,loso_s6,20260924,5,mean_rank,3,4,0.000255284,0.0148607325,0.43807176,0.54681224
s06_0train_r4_t43,6,0train,4,43,3,84631,False,Q10-E001,MU_BETA_CSP8_EEGNET,loso_s6,20260924,5,mean_rank,3,4,9.7574004e-05,0.08011295,0.4292524,0.49053708
s06_0train_r4_t44,6,0train,4,44,3,86750,False,Q10-E001,MU_BETA_CSP8_EEGNET,loso_s6,20260924,5,mean_rank,3,4,0.001236335,0.006163838,0.11588733,0.8767125
s06_0train_r4_t45,6,0train,4,45,1,88656,False,Q10-E001,MU_BETA_CSP8_EEGNET,loso_s6,20260924,5,mean_rank,1,3,0.13806917,0.19715244,0.4921964,0.17258202
s06_0train_r4_t46,6,0train,4,46,3,90584,False,Q10-E001,MU_BETA_CSP8_EEGNET,loso_s6,20260924,5,mean_rank,3,4,0.0011405115,0.014081383,0.19908315,0.785695
s06_0train_r4_t47,6,0train,4,47,2,92698,False,Q10-E001,MU_BETA_CSP8_EEGNET,loso_s6,20260924,5,mean_rank,2,2,0.05515994,0.35198322,0.34096634,0.25189057
s06_0train_r4_t48,6,0train,4,48,4,94757,True,Q10-E001,MU_BETA_CSP8_EEGNET,loso_s6,20260924,5,mean_rank,4,4,0.018021401,0.08322231,0.37582877,0.5229275
s06_0train_r5_t01,6,0train,5,1,1,250,False,Q10-E001,MU_BETA_CSP8_EEGNET,loso_s6,20260924,5,mean_rank,1,1,0.41227373,0.06559381,0.25962847,0.26250392
s06_0train_r5_t02,6,0train,5,2,1,2253,False,Q10-E001,MU_BETA_CSP8_EEGNET,loso_s6,20260924,5,mean_rank,1,4,0.0024284134,0.01659999,0.48383325,0.4971384
s06_0train_r5_t03,6,0train,5,3,3,4171,False,Q10-E001,MU_BETA_CSP8_EEGNET,loso_s6,20260924,5,mean_rank,3,4,0.010407157,0.0014666306,0.14763895,0.84048724
s06_0train_r5_t04,6,0train,5,4,3,6123,False,Q10-E001,MU_BETA_CSP8_EEGNET,loso_s6,20260924,5,mean_rank,3,4,0.003031046,0.0049855327,0.4128098,0.5791737
s06_0train_r5_t05,6,0train,5,5,1,8131,False,Q10-E001,MU_BETA_CSP8_EEGNET,loso_s6,20260924,5,mean_rank,1,3,0.018253356,0.14105435,0.75918835,0.081503995
s06_0train_r5_t06,6,0train,5,6,3,10242,False,Q10-E001,MU_BETA_CSP8_EEGNET,loso_s6,20260924,5,mean_rank,3,4,0.028872158,0.021401552,0.23313744,0.71658885
s06_0train_r5_t07,6,0train,5,7,3,12159,False,Q10-E001,MU_BETA_CSP8_EEGNET,loso_s6,20260924,5,mean_rank,3,4,0.0005343149,0.22324288,0.22722647,0.54899627
s06_0train_r5_t08,6,0train,5,8,4,14209,False,Q10-E001,MU_BETA_CSP8_EEGNET,loso_s6,20260924,5,mean_rank,4,4,0.002180102,0.007430812,0.12444237,0.86594677
s06_0train_r5_t09,6,0train,5,9,2,16140,False,Q10-E001,MU_BETA_CSP8_EEGNET,loso_s6,20260924,5,mean_rank,2,3,0.00026387675,0.008111452,0.6619481,0.32967657
s06_0train_r5_t10,6,0train,5,10,2,18138,False,Q10-E001,MU_BETA_CSP8_EEGNET,loso_s6,20260924,5,mean_rank,2,4,0.045397732,0.12129129,0.2046024,0.6287085
s06_0train_r5_t11,6,0train,5,11,4,20044,False,Q10-E001,MU_BETA_CSP8_EEGNET,loso_s6,20260924,5,mean_rank,4,3,0.14992371,0.28083882,0.2988113,0.27042624
s06_0train_r5_t12,6,0train,5,12,2,21939,False,Q10-E001,MU_BETA_CSP8_EEGNET,loso_s6,20260924,5,mean_rank,2,4,0.00874101,0.27986503,0.2996507,0.4117433
s06_0train_r5_t13,6,0train,5,13,3,23911,True,Q10-E001,MU_BETA_CSP8_EEGNET,loso_s6,20260924,5,mean_rank,3,4,0.00042548493,0.010170183,0.4925705,0.49683383
s06_0train_r5_t14,6,0train,5,14,4,25855,False,Q10-E001,MU_BETA_CSP8_EEGNET,loso_s6,20260924,5,mean_rank,4,4,0.0013201024,0.09182044,0.32771853,0.5791409
s06_0train_r5_t15,6,0train,5,15,3,27822,False,Q10-E001,MU_BETA_CSP8_EEGNET,loso_s6,20260924,5,mean_rank,3,4,0.004575271,0.024219673,0.3407424,0.6304627
s06_0train_r5_t16,6,0train,5,16,2,29942,False,Q10-E001,MU_BETA_CSP8_EEGNET,loso_s6,20260924,5,mean_rank,2,4,0.00559424,0.009601531,0.1371726,0.8476316
s06_0train_r5_t17,6,0train,5,17,1,31950,True,Q10-E001,MU_BETA_CSP8_EEGNET,loso_s6,20260924,5,mean_rank,1,2,0.0022946724,0.41247305,0.23994714,0.34528515
s06_0train_r5_t18,6,0train,5,18,2,34016,False,Q10-E001,MU_BETA_CSP8_EEGNET,loso_s6,20260924,5,mean_rank,2,3,0.0013549605,0.05233006,0.7863906,0.15992434
s06_0train_r5_t19,6,0train,5,19,4,36052,False,Q10-E001,MU_BETA_CSP8_EEGNET,loso_s6,20260924,5,mean_rank,4,4,0.0034542182,0.014022143,0.37014714,0.61237645
s06_0train_r5_t20,6,0train,5,20,1,38118,False,Q10-E001,MU_BETA_CSP8_EEGNET,loso_s6,20260924,5,mean_rank,1,2,0.025177078,0.42926946,0.3963057,0.14924775
s06_0train_r5_t21,6,0train,5,21,3,40188,True,Q10-E001,MU_BETA_CSP8_EEGNET,loso_s6,20260924,5,mean_rank,3,4,0.00019938634,0.101290025,0.16017003,0.73834056
s06_0train_r5_t22,6,0train,5,22,2,42268,True,Q10-E001,MU_BETA_CSP8_EEGNET,loso_s6,20260924,5,mean_rank,2,2,0.0054083397,0.58796257,0.24490711,0.161722
s06_0train_r5_t23,6,0train,5,23,3,44180,True,Q10-E001,MU_BETA_CSP8_EEGNET,loso_s6,20260924,5,mean_rank,3,4,0.010662599,0.004458867,0.33283564,0.6520428
s06_0train_r5_t24,6,0train,5,24,4,46211,True,Q10-E001,MU_BETA_CSP8_EEGNET,loso_s6,20260924,5,mean_rank,4,3,0.0011956102,0.11370849,0.7194736,0.16562231
s06_0train_r5_t25,6,0train,5,25,1,48164,True,Q10-E001,MU_BETA_CSP8_EEGNET,loso_s6,20260924,5,mean_rank,1,4,0.23505156,0.0018065536,0.33635485,0.42678705
s06_0train_r5_t26,6,0train,5,26,1,50125,False,Q10-E001,MU_BETA_CSP8_EEGNET,loso_s6,20260924,5,mean_rank,1,4,0.0033135002,0.0010837183,0.18234108,0.81326175
s06_0train_r5_t27,6,0train,5,27,2,52229,True,Q10-E001,MU_BETA_CSP8_EEGNET,loso_s6,20260924,5,mean_rank,2,3,0.000110549314,0.06440186,0.6811396,0.254348
s06_0train_r5_t28,6,0train,5,28,4,54233,True,Q10-E001,MU_BETA_CSP8_EEGNET,loso_s6,20260924,5,mean_rank,4,4,0.0012826296,0.013720486,0.3337847,0.65121216
s06_0train_r5_t29,6,0train,5,29,1,56208,False,Q10-E001,MU_BETA_CSP8_EEGNET,loso_s6,20260924,5,mean_rank,1,3,0.004443164,0.25048515,0.5098541,0.23521763
s06_0train_r5_t30,6,0train,5,30,4,58234,False,Q10-E001,MU_BETA_CSP8_EEGNET,loso_s6,20260924,5,mean_rank,4,2,0.012787798,0.37112254,0.25713748,0.35895216
s06_0train_r5_t31,6,0train,5,31,2,60305,True,Q10-E001,MU_BETA_CSP8_EEGNET,loso_s6,20260924,5,mean_rank,2,1,0.3478008,0.18566413,0.23788486,0.2286502
s06_0train_r5_t32,6,0train,5,32,2,62412,False,Q10-E001,MU_BETA_CSP8_EEGNET,loso_s6,20260924,5,mean_rank,2,3,0.00033693554,0.04290788,0.6212262,0.33552897
s06_0train_r5_t33,6,0train,5,33,3,64504,True,Q10-E001,MU_BETA_CSP8_EEGNET,loso_s6,20260924,5,mean_rank,3,2,0.01512238,0.38918707,0.22574283,0.3699477
s06_0train_r5_t34,6,0train,5,34,3,66595,True,Q10-E001,MU_BETA_CSP8_EEGNET,loso_s6,20260924,5,mean_rank,3,3,0.0012906505,0.058394108,0.6042224,0.33609277
s06_0train_r5_t35,6,0train,5,35,4,68638,False,Q10-E001,MU_BETA_CSP8_EEGNET,loso_s6,20260924,5,mean_rank,4,4,1.0855735e-05,0.036267053,0.33884713,0.62487495
s06_0train_r5_t36,6,0train,5,36,4,70702,False,Q10-E001,MU_BETA_CSP8_EEGNET,loso_s6,20260924,5,mean_rank,4,2,0.001403201,0.44001934,0.24928458,0.30929288
s06_0train_r5_t37,6,0train,5,37,3,72722,True,Q10-E001,MU_BETA_CSP8_EEGNET,loso_s6,20260924,5,mean_rank,3,3,0.006417169,0.013976423,0.50394934,0.47565708
s06_0train_r5_t38,6,0train,5,38,1,74694,True,Q10-E001,MU_BETA_CSP8_EEGNET,loso_s6,20260924,5,mean_rank,1,2,0.018268516,0.43854895,0.3180107,0.2251719
s06_0train_r5_t39,6,0train,5,39,1,76657,False,Q10-E001,MU_BETA_CSP8_EEGNET,loso_s6,20260924,5,mean_rank,1,1,0.63194335,0.0035420016,0.15353408,0.21098055
s06_0train_r5_t40,6,0train,5,40,2,78582,False,Q10-E001,MU_BETA_CSP8_EEGNET,loso_s6,20260924,5,mean_rank,2,2,0.04483471,0.65778106,0.11915204,0.1782322
s06_0train_r5_t41,6,0train,5,41,1,80663,True,Q10-E001,MU_BETA_CSP8_EEGNET,loso_s6,20260924,5,mean_rank,1,4,0.040328264,0.2748299,0.28800607,0.39683577
s06_0train_r5_t42,6,0train,5,42,4,82641,False,Q10-E001,MU_BETA_CSP8_EEGNET,loso_s6,20260924,5,mean_rank,4,4,0.00039570496,0.010888686,0.3057608,0.6829548
s06_0train_r5_t43,6,0train,5,43,2,84631,False,Q10-E001,MU_BETA_CSP8_EEGNET,loso_s6,20260924,5,mean_rank,2,4,0.00022101807,0.14295213,0.2376041,0.61922276
s06_0train_r5_t44,6,0train,5,44,4,86750,True,Q10-E001,MU_BETA_CSP8_EEGNET,loso_s6,20260924,5,mean_rank,4,3,0.038660415,0.14606327,0.41215104,0.40312526
s06_0train_r5_t45,6,0train,5,45,4,88656,False,Q10-E001,MU_BETA_CSP8_EEGNET,loso_s6,20260924,5,mean_rank,4,3,0.110453315,0.024939591,0.6005205,0.26408657
s06_0train_r5_t46,6,0train,5,46,1,90584,True,Q10-E001,MU_BETA_CSP8_EEGNET,loso_s6,20260924,5,mean_rank,1,2,0.15548241,0.42323136,0.15152405,0.26976222
s06_0train_r5_t47,6,0train,5,47,2,92698,True,Q10-E001,MU_BETA_CSP8_EEGNET,loso_s6,20260924,5,mean_rank,2,4,0.0060785287,0.0050768056,0.39131555,0.5975291
s06_0train_r5_t48,6,0train,5,48,3,94757,True,Q10-E001,MU_BETA_CSP8_EEGNET,loso_s6,20260924,5,mean_rank,3,4,4.6554716e-05,6.7995206e-05,0.18649897,0.8133865
s06_1test_r0_t01,6,1test,0,1,1,250,False,Q10-E001,MU_BETA_CSP8_EEGNET,loso_s6,20260924,5,mean_rank,1,3,0.023963073,0.07323871,0.6666758,0.2361224
s06_1test_r0_t02,6,1test,0,2,2,2253,False,Q10-E001,MU_BETA_CSP8_EEGNET,loso_s6,20260924,5,mean_rank,2,2,0.006925515,0.5254454,0.40171936,0.065909766
s06_1test_r0_t03,6,1test,0,3,2,4171,False,Q10-E001,MU_BETA_CSP8_EEGNET,loso_s6,20260924,5,mean_rank,2,2,0.00083324907,0.5897739,0.304077,0.10531587
s06_1test_r0_t04,6,1test,0,4,1,6123,False,Q10-E001,MU_BETA_CSP8_EEGNET,loso_s6,20260924,5,mean_rank,1,4,0.0016806425,0.039762463,0.25262958,0.7059273
s06_1test_r0_t05,6,1test,0,5,2,8131,True,Q10-E001,MU_BETA_CSP8_EEGNET,loso_s6,20260924,5,mean_rank,2,4,0.0016522342,0.06000344,0.40021485,0.53812945
s06_1test_r0_t06,6,1test,0,6,1,10242,False,Q10-E001,MU_BETA_CSP8_EEGNET,loso_s6,20260924,5,mean_rank,1,3,0.31754753,0.05539747,0.37632856,0.25072646
s06_1test_r0_t07,6,1test,0,7,2,12159,False,Q10-E001,MU_BETA_CSP8_EEGNET,loso_s6,20260924,5,mean_rank,2,3,0.010260004,0.23619945,0.5134554,0.24008523
s06_1test_r0_t08,6,1test,0,8,3,14209,False,Q10-E001,MU_BETA_CSP8_EEGNET,loso_s6,20260924,5,mean_rank,3,3,0.0014277011,0.01405235,0.5902304,0.39428958
s06_1test_r0_t09,6,1test,0,9,2,16140,False,Q10-E001,MU_BETA_CSP8_EEGNET,loso_s6,20260924,5,mean_rank,2,4,0.0009406151,0.029292557,0.4779429,0.491824
s06_1test_r0_t10,6,1test,0,10,4,18138,False,Q10-E001,MU_BETA_CSP8_EEGNET,loso_s6,20260924,5,mean_rank,4,3,4.9616192e-05,0.00026692872,0.6943084,0.30537504
s06_1test_r0_t11,6,1test,0,11,1,20044,False,Q10-E001,MU_BETA_CSP8_EEGNET,loso_s6,20260924,5,mean_rank,1,3,0.03187403,0.0034170623,0.51607746,0.44863147
s06_1test_r0_t12,6,1test,0,12,3,21939,False,Q10-E001,MU_BETA_CSP8_EEGNET,loso_s6,20260924,5,mean_rank,3,4,0.008770245,0.0008566777,0.27073205,0.71964103
s06_1test_r0_t13,6,1test,0,13,2,23911,False,Q10-E001,MU_BETA_CSP8_EEGNET,loso_s6,20260924,5,mean_rank,2,4,0.0017514637,0.30695942,0.27121192,0.4200772
s06_1test_r0_t14,6,1test,0,14,1,25855,False,Q10-E001,MU_BETA_CSP8_EEGNET,loso_s6,20260924,5,mean_rank,1,3,0.2192255,0.033023246,0.57742417,0.17032711
s06_1test_r0_t15,6,1test,0,15,4,27822,False,Q10-E001,MU_BETA_CSP8_EEGNET,loso_s6,20260924,5,mean_rank,4,3,5.3966894e-05,0.02423621,0.5181346,0.4575752
s06_1test_r0_t16,6,1test,0,16,4,29942,False,Q10-E001,MU_BETA_CSP8_EEGNET,loso_s6,20260924,5,mean_rank,4,3,0.0009769349,0.003698888,0.56475425,0.43056992
s06_1test_r0_t17,6,1test,0,17,4,31950,False,Q10-E001,MU_BETA_CSP8_EEGNET,loso_s6,20260924,5,mean_rank,4,3,0.00013942768,0.030197777,0.52884257,0.4408202
s06_1test_r0_t18,6,1test,0,18,4,34016,False,Q10-E001,MU_BETA_CSP8_EEGNET,loso_s6,20260924,5,mean_rank,4,4,0.00017944962,0.008249674,0.3985965,0.5929745
s06_1test_r0_t19,6,1test,0,19,4,36052,False,Q10-E001,MU_BETA_CSP8_EEGNET,loso_s6,20260924,5,mean_rank,4,3,0.0028271726,0.00367736,0.7575271,0.23596837
s06_1test_r0_t20,6,1test,0,20,1,38118,True,Q10-E001,MU_BETA_CSP8_EEGNET,loso_s6,20260924,5,mean_rank,1,1,0.45997217,0.027790785,0.24072832,0.27150878
s06_1test_r0_t21,6,1test,0,21,3,40188,False,Q10-E001,MU_BETA_CSP8_EEGNET,loso_s6,20260924,5,mean_rank,3,3,0.0012332425,0.12896523,0.5362477,0.33355382
s06_1test_r0_t22,6,1test,0,22,2,42268,False,Q10-E001,MU_BETA_CSP8_EEGNET,loso_s6,20260924,5,mean_rank,2,3,4.4185337e-05,0.35290313,0.35983974,0.28721294
s06_1test_r0_t23,6,1test,0,23,1,44180,False,Q10-E001,MU_BETA_CSP8_EEGNET,loso_s6,20260924,5,mean_rank,1,4,0.0031453038,0.027948013,0.41061834,0.55828834
s06_1test_r0_t24,6,1test,0,24,1,46211,False,Q10-E001,MU_BETA_CSP8_EEGNET,loso_s6,20260924,5,mean_rank,1,4,0.002840207,0.010296333,0.4006773,0.5861862
s06_1test_r0_t25,6,1test,0,25,3,48164,False,Q10-E001,MU_BETA_CSP8_EEGNET,loso_s6,20260924,5,mean_rank,3,3,0.0009924428,0.004219783,0.51942897,0.47535878
s06_1test_r0_t26,6,1test,0,26,4,50125,False,Q10-E001,MU_BETA_CSP8_EEGNET,loso_s6,20260924,5,mean_rank,4,3,0.0018536054,0.022081774,0.7931361,0.1829285
s06_1test_r0_t27,6,1test,0,27,1,52229,False,Q10-E001,MU_BETA_CSP8_EEGNET,loso_s6,20260924,5,mean_rank,1,2,0.009449492,0.56202835,0.28149825,0.14702393
s06_1test_r0_t28,6,1test,0,28,3,54233,False,Q10-E001,MU_BETA_CSP8_EEGNET,loso_s6,20260924,5,mean_rank,3,4,0.0014824964,0.039500467,0.23162809,0.727389
s06_1test_r0_t29,6,1test,0,29,3,56208,False,Q10-E001,MU_BETA_CSP8_EEGNET,loso_s6,20260924,5,mean_rank,3,4,0.0006256157,0.29022744,0.25601223,0.4531347
s06_1test_r0_t30,6,1test,0,30,3,58234,False,Q10-E001,MU_BETA_CSP8_EEGNET,loso_s6,20260924,5,mean_rank,3,4,0.000101882484,0.016215462,0.4048349,0.5788477
s06_1test_r0_t31,6,1test,0,31,1,60305,False,Q10-E001,MU_BETA_CSP8_EEGNET,loso_s6,20260924,5,mean_rank,1,4,0.1598441,0.058458794,0.34354234,0.43815485
s06_1test_r0_t32,6,1test,0,32,2,62412,True,Q10-E001,MU_BETA_CSP8_EEGNET,loso_s6,20260924,5,mean_rank,2,4,0.0019270154,0.09714031,0.32275528,0.57817745
s06_1test_r0_t33,6,1test,0,33,1,64504,False,Q10-E001,MU_BETA_CSP8_EEGNET,loso_s6,20260924,5,mean_rank,1,3,0.026128912,0.00072581915,0.67284846,0.3002968
s06_1test_r0_t34,6,1test,0,34,2,66595,False,Q10-E001,MU_BETA_CSP8_EEGNET,loso_s6,20260924,5,mean_rank,2,3,0.00590505,0.33592725,0.44106674,0.21710092
s06_1test_r0_t35,6,1test,0,35,2,68638,False,Q10-E001,MU_BETA_CSP8_EEGNET,loso_s6,20260924,5,mean_rank,2,4,0.0014358191,0.061876934,0.3097938,0.6268934
s06_1test_r0_t36,6,1test,0,36,1,70702,False,Q10-E001,MU_BETA_CSP8_EEGNET,loso_s6,20260924,5,mean_rank,1,3,0.013644405,0.12243084,0.503808,0.36011678
s06_1test_r0_t37,6,1test,0,37,2,72722,False,Q10-E001,MU_BETA_CSP8_EEGNET,loso_s6,20260924,5,mean_rank,2,2,0.0018118386,0.57508034,0.2780553,0.14505255
s06_1test_r0_t38,6,1test,0,38,3,74694,False,Q10-E001,MU_BETA_CSP8_EEGNET,loso_s6,20260924,5,mean_rank,3,4,0.00064643903,0.081630185,0.16323166,0.75449175
s06_1test_r0_t39,6,1test,0,39,2,76657,False,Q10-E001,MU_BETA_CSP8_EEGNET,loso_s6,20260924,5,mean_rank,2,4,0.02740178,0.2178052,0.13986763,0.6149254
s06_1test_r0_t40,6,1test,0,40,3,78582,False,Q10-E001,MU_BETA_CSP8_EEGNET,loso_s6,20260924,5,mean_rank,3,4,0.00028844475,0.019660573,0.17909779,0.8009532
s06_1test_r0_t41,6,1test,0,41,3,80663,False,Q10-E001,MU_BETA_CSP8_EEGNET,loso_s6,20260924,5,mean_rank,3,3,0.005880036,0.017842956,0.5487232,0.4275538
s06_1test_r0_t42,6,1test,0,42,4,82641,True,Q10-E001,MU_BETA_CSP8_EEGNET,loso_s6,20260924,5,mean_rank,4,2,0.00095976266,0.60408497,0.31368384,0.0812714
s06_1test_r0_t43,6,1test,0,43,3,84631,True,Q10-E001,MU_BETA_CSP8_EEGNET,loso_s6,20260924,5,mean_rank,3,4,0.024976121,0.22028334,0.26435763,0.4903829
s06_1test_r0_t44,6,1test,0,44,3,86750,True,Q10-E001,MU_BETA_CSP8_EEGNET,loso_s6,20260924,5,mean_rank,3,4,0.008516184,0.10700438,0.34462705,0.5398523
s06_1test_r0_t45,6,1test,0,45,4,88656,False,Q10-E001,MU_BETA_CSP8_EEGNET,loso_s6,20260924,5,mean_rank,4,4,0.0011480632,0.044265874,0.44780025,0.50678575
s06_1test_r0_t46,6,1test,0,46,4,90584,True,Q10-E001,MU_BETA_CSP8_EEGNET,loso_s6,20260924,5,mean_rank,4,2,0.007329051,0.3943619,0.3378676,0.26044145
s06_1test_r0_t47,6,1test,0,47,4,92698,False,Q10-E001,MU_BETA_CSP8_EEGNET,loso_s6,20260924,5,mean_rank,4,4,0.057704035,0.081444584,0.39186344,0.46898794
s06_1test_r0_t48,6,1test,0,48,4,94757,True,Q10-E001,MU_BETA_CSP8_EEGNET,loso_s6,20260924,5,mean_rank,4,2,0.0065365005,0.43351182,0.280721,0.2792306
s06_1test_r1_t01,6,1test,1,1,4,250,True,Q10-E001,MU_BETA_CSP8_EEGNET,loso_s6,20260924,5,mean_rank,4,3,0.00035513192,0.042256974,0.6047284,0.3526595
s06_1test_r1_t02,6,1test,1,2,3,2253,False,Q10-E001,MU_BETA_CSP8_EEGNET,loso_s6,20260924,5,mean_rank,3,3,0.000120110235,0.26167104,0.40553084,0.33267802
s06_1test_r1_t03,6,1test,1,3,2,4171,False,Q10-E001,MU_BETA_CSP8_EEGNET,loso_s6,20260924,5,mean_rank,2,3,0.00077247684,0.028716655,0.65930945,0.31120148
s06_1test_r1_t04,6,1test,1,4,1,6123,False,Q10-E001,MU_BETA_CSP8_EEGNET,loso_s6,20260924,5,mean_rank,1,4,0.06989638,0.00027313072,0.1576318,0.77219874
s06_1test_r1_t05,6,1test,1,5,1,8131,False,Q10-E001,MU_BETA_CSP8_EEGNET,loso_s6,20260924,5,mean_rank,1,4,0.021306733,0.023572363,0.24703093,0.70809
s06_1test_r1_t06,6,1test,1,6,2,10242,True,Q10-E001,MU_BETA_CSP8_EEGNET,loso_s6,20260924,5,mean_rank,2,3,0.02205844,0.068685666,0.5014626,0.4077933
s06_1test_r1_t07,6,1test,1,7,3,12159,True,Q10-E001,MU_BETA_CSP8_EEGNET,loso_s6,20260924,5,mean_rank,3,4,0.00061226304,0.064902894,0.3914051,0.54307973
s06_1test_r1_t08,6,1test,1,8,4,14209,False,Q10-E001,MU_BETA_CSP8_EEGNET,loso_s6,20260924,5,mean_rank,4,3,0.0061573926,0.0074657914,0.53413975,0.45223704
s06_1test_r1_t09,6,1test,1,9,2,16140,False,Q10-E001,MU_BETA_CSP8_EEGNET,loso_s6,20260924,5,mean_rank,2,4,0.042136513,0.101199,0.2911924,0.565472
s06_1test_r1_t10,6,1test,1,10,3,18138,False,Q10-E001,MU_BETA_CSP8_EEGNET,loso_s6,20260924,5,mean_rank,3,3,0.012449949,0.036735915,0.5507619,0.40005228
s06_1test_r1_t11,6,1test,1,11,1,20044,False,Q10-E001,MU_BETA_CSP8_EEGNET,loso_s6,20260924,5,mean_rank,1,4,0.021478081,0.08849855,0.41203752,0.4779858
s06_1test_r1_t12,6,1test,1,12,1,21939,False,Q10-E001,MU_BETA_CSP8_EEGNET,loso_s6,20260924,5,mean_rank,1,4,0.0029611387,0.0053850748,0.38312408,0.60852975
s06_1test_r1_t13,6,1test,1,13,1,23911,False,Q10-E001,MU_BETA_CSP8_EEGNET,loso_s6,20260924,5,mean_rank,1,3,0.038960587,0.09188734,0.45682347,0.41232863
s06_1test_r1_t14,6,1test,1,14,4,25855,False,Q10-E001,MU_BETA_CSP8_EEGNET,loso_s6,20260924,5,mean_rank,4,3,0.0003292832,0.017148783,0.7272498,0.2552722
s06_1test_r1_t15,6,1test,1,15,2,27822,False,Q10-E001,MU_BETA_CSP8_EEGNET,loso_s6,20260924,5,mean_rank,2,4,0.0048846006,0.0062242527,0.3980386,0.5908525
s06_1test_r1_t16,6,1test,1,16,2,29942,False,Q10-E001,MU_BETA_CSP8_EEGNET,loso_s6,20260924,5,mean_rank,2,2,0.0152340485,0.37560573,0.2830123,0.32614794
s06_1test_r1_t17,6,1test,1,17,1,31950,False,Q10-E001,MU_BETA_CSP8_EEGNET,loso_s6,20260924,5,mean_rank,1,4,0.07188083,0.19148974,0.1643068,0.5723226
s06_1test_r1_t18,6,1test,1,18,1,34016,True,Q10-E001,MU_BETA_CSP8_EEGNET,loso_s6,20260924,5,mean_rank,1,3,0.028967608,0.23991847,0.39365023,0.33746374
s06_1test_r1_t19,6,1test,1,19,3,36052,False,Q10-E001,MU_BETA_CSP8_EEGNET,loso_s6,20260924,5,mean_rank,3,4,0.009794828,0.00012875872,0.16845308,0.8216233
s06_1test_r1_t20,6,1test,1,20,1,38118,True,Q10-E001,MU_BETA_CSP8_EEGNET,loso_s6,20260924,5,mean_rank,1,4,0.008266454,0.34189475,0.13932584,0.51051295
s06_1test_r1_t21,6,1test,1,21,2,40188,False,Q10-E001,MU_BETA_CSP8_EEGNET,loso_s6,20260924,5,mean_rank,2,2,0.038927935,0.4160192,0.19823112,0.34682176
s06_1test_r1_t22,6,1test,1,22,4,42268,True,Q10-E001,MU_BETA_CSP8_EEGNET,loso_s6,20260924,5,mean_rank,4,3,0.00069695443,0.054248057,0.7022912,0.24276373
s06_1test_r1_t23,6,1test,1,23,4,44180,False,Q10-E001,MU_BETA_CSP8_EEGNET,loso_s6,20260924,5,mean_rank,4,2,0.00039935953,0.4474298,0.26209718,0.29007366
s06_1test_r1_t24,6,1test,1,24,3,46211,False,Q10-E001,MU_BETA_CSP8_EEGNET,loso_s6,20260924,5,mean_rank,3,4,0.0009936173,0.040162265,0.2752525,0.68359166
s06_1test_r1_t25,6,1test,1,25,1,48164,False,Q10-E001,MU_BETA_CSP8_EEGNET,loso_s6,20260924,5,mean_rank,1,2,0.17911778,0.52109486,0.16746074,0.13232666
s06_1test_r1_t26,6,1test,1,26,4,50125,False,Q10-E001,MU_BETA_CSP8_EEGNET,loso_s6,20260924,5,mean_rank,4,4,0.042042144,0.038783997,0.38018367,0.53899026
s06_1test_r1_t27,6,1test,1,27,4,52229,False,Q10-E001,MU_BETA_CSP8_EEGNET,loso_s6,20260924,5,mean_rank,4,4,0.008532557,0.13862467,0.39269707,0.46014574
s06_1test_r1_t28,6,1test,1,28,2,54233,True,Q10-E001,MU_BETA_CSP8_EEGNET,loso_s6,20260924,5,mean_rank,2,3,0.069013484,0.27240413,0.37369817,0.28488415
s06_1test_r1_t29,6,1test,1,29,4,56208,True,Q10-E001,MU_BETA_CSP8_EEGNET,loso_s6,20260924,5,mean_rank,4,3,0.0018423636,0.14140046,0.6358398,0.22091736
s06_1test_r1_t30,6,1test,1,30,4,58234,True,Q10-E001,MU_BETA_CSP8_EEGNET,loso_s6,20260924,5,mean_rank,4,3,0.12965187,0.14503667,0.4863135,0.23899804
s06_1test_r1_t31,6,1test,1,31,2,60305,False,Q10-E001,MU_BETA_CSP8_EEGNET,loso_s6,20260924,5,mean_rank,2,4,0.12393337,0.07352349,0.3261142,0.47642893
s06_1test_r1_t32,6,1test,1,32,1,62412,False,Q10-E001,MU_BETA_CSP8_EEGNET,loso_s6,20260924,5,mean_rank,1,2,0.08157257,0.41688323,0.18979304,0.3117512
s06_1test_r1_t33,6,1test,1,33,2,64504,True,Q10-E001,MU_BETA_CSP8_EEGNET,loso_s6,20260924,5,mean_rank,2,4,0.008500989,0.24108954,0.23418199,0.51622754
s06_1test_r1_t34,6,1test,1,34,3,66595,True,Q10-E001,MU_BETA_CSP8_EEGNET,loso_s6,20260924,5,mean_rank,3,2,0.00047360244,0.4423296,0.40941042,0.14778645
s06_1test_r1_t35,6,1test,1,35,3,68638,True,Q10-E001,MU_BETA_CSP8_EEGNET,loso_s6,20260924,5,mean_rank,3,4,0.0011574638,0.06619211,0.44411638,0.48853403
s06_1test_r1_t36,6,1test,1,36,3,70702,False,Q10-E001,MU_BETA_CSP8_EEGNET,loso_s6,20260924,5,mean_rank,3,3,0.084815614,0.08811557,0.5588483,0.2682205
s06_1test_r1_t37,6,1test,1,37,4,72722,False,Q10-E001,MU_BETA_CSP8_EEGNET,loso_s6,20260924,5,mean_rank,4,3,5.8058682e-05,0.0023021025,0.5192771,0.4783627
s06_1test_r1_t38,6,1test,1,38,3,74694,True,Q10-E001,MU_BETA_CSP8_EEGNET,loso_s6,20260924,5,mean_rank,3,2,0.058261156,0.33303797,0.3320637,0.27663717
s06_1test_r1_t39,6,1test,1,39,1,76657,True,Q10-E001,MU_BETA_CSP8_EEGNET,loso_s6,20260924,5,mean_rank,1,2,0.049162317,0.48880857,0.18905711,0.27297196
s06_1test_r1_t40,6,1test,1,40,4,78582,True,Q10-E001,MU_BETA_CSP8_EEGNET,loso_s6,20260924,5,mean_rank,4,2,0.114755526,0.36040127,0.27918562,0.24565765
s06_1test_r1_t41,6,1test,1,41,2,80663,False,Q10-E001,MU_BETA_CSP8_EEGNET,loso_s6,20260924,5,mean_rank,2,2,0.03539318,0.38859037,0.24052615,0.33549026
s06_1test_r1_t42,6,1test,1,42,3,82641,False,Q10-E001,MU_BETA_CSP8_EEGNET,loso_s6,20260924,5,mean_rank,3,2,0.20719424,0.3232153,0.2790467,0.19054371
s06_1test_r1_t43,6,1test,1,43,2,84631,True,Q10-E001,MU_BETA_CSP8_EEGNET,loso_s6,20260924,5,mean_rank,2,4,0.032379594,0.13193695,0.34707886,0.48860466
s06_1test_r1_t44,6,1test,1,44,3,86750,False,Q10-E001,MU_BETA_CSP8_EEGNET,loso_s6,20260924,5,mean_rank,3,4,0.0009181598,0.004329918,0.35448843,0.6402635
s06_1test_r1_t45,6,1test,1,45,4,88656,True,Q10-E001,MU_BETA_CSP8_EEGNET,loso_s6,20260924,5,mean_rank,4,3,0.10332653,0.30220285,0.31049392,0.28397667
s06_1test_r1_t46,6,1test,1,46,2,90584,True,Q10-E001,MU_BETA_CSP8_EEGNET,loso_s6,20260924,5,mean_rank,2,3,0.0100625325,0.232385,0.43806413,0.31948838
s06_1test_r1_t47,6,1test,1,47,3,92698,True,Q10-E001,MU_BETA_CSP8_EEGNET,loso_s6,20260924,5,mean_rank,3,3,0.024650304,0.2768125,0.349551,0.34898624
s06_1test_r1_t48,6,1test,1,48,1,94757,True,Q10-E001,MU_BETA_CSP8_EEGNET,loso_s6,20260924,5,mean_rank,1,4,0.014316184,0.045604497,0.3806255,0.5594538
s06_1test_r2_t01,6,1test,2,1,1,250,True,Q10-E001,MU_BETA_CSP8_EEGNET,loso_s6,20260924,5,mean_rank,1,3,0.04539807,0.18236767,0.45848066,0.31375355
s06_1test_r2_t02,6,1test,2,2,1,2253,False,Q10-E001,MU_BETA_CSP8_EEGNET,loso_s6,20260924,5,mean_rank,1,4,0.01930776,0.021861654,0.47378287,0.4850477
s06_1test_r2_t03,6,1test,2,3,4,4171,False,Q10-E001,MU_BETA_CSP8_EEGNET,loso_s6,20260924,5,mean_rank,4,3,0.00030021495,0.07139178,0.54782057,0.3804874
s06_1test_r2_t04,6,1test,2,4,2,6123,False,Q10-E001,MU_BETA_CSP8_EEGNET,loso_s6,20260924,5,mean_rank,2,3,0.00017837988,0.03675326,0.5379032,0.42516518
s06_1test_r2_t05,6,1test,2,5,1,8131,False,Q10-E001,MU_BETA_CSP8_EEGNET,loso_s6,20260924,5,mean_rank,1,4,0.01687198,0.046352684,0.37050322,0.5662722
s06_1test_r2_t06,6,1test,2,6,3,10242,False,Q10-E001,MU_BETA_CSP8_EEGNET,loso_s6,20260924,5,mean_rank,3,4,5.836364e-06,0.00201686,0.23247926,0.76549804
s06_1test_r2_t07,6,1test,2,7,1,12159,False,Q10-E001,MU_BETA_CSP8_EEGNET,loso_s6,20260924,5,mean_rank,1,4,0.010017177,0.015955128,0.3683064,0.60572124
s06_1test_r2_t08,6,1test,2,8,3,14209,False,Q10-E001,MU_BETA_CSP8_EEGNET,loso_s6,20260924,5,mean_rank,3,3,0.0003530684,0.0005647374,0.5964571,0.40262502
s06_1test_r2_t09,6,1test,2,9,2,16140,True,Q10-E001,MU_BETA_CSP8_EEGNET,loso_s6,20260924,5,mean_rank,2,3,0.0002985115,0.17378075,0.42632085,0.3995999
s06_1test_r2_t10,6,1test,2,10,4,18138,True,Q10-E001,MU_BETA_CSP8_EEGNET,loso_s6,20260924,5,mean_rank,4,4,0.001750424,0.00019032818,0.3740391,0.62402016
s06_1test_r2_t11,6,1test,2,11,1,20044,True,Q10-E001,MU_BETA_CSP8_EEGNET,loso_s6,20260924,5,mean_rank,1,3,0.32715145,0.024758432,0.4722674,0.17582268
s06_1test_r2_t12,6,1test,2,12,3,21939,True,Q10-E001,MU_BETA_CSP8_EEGNET,loso_s6,20260924,5,mean_rank,3,3,0.024351256,0.007102251,0.68377817,0.2847683
s06_1test_r2_t13,6,1test,2,13,3,23911,True,Q10-E001,MU_BETA_CSP8_EEGNET,loso_s6,20260924,5,mean_rank,3,4,0.00065630523,0.008788832,0.2692828,0.7212721
s06_1test_r2_t14,6,1test,2,14,1,25855,False,Q10-E001,MU_BETA_CSP8_EEGNET,loso_s6,20260924,5,mean_rank,1,3,0.02900589,0.0021352645,0.48887345,0.47998542
s06_1test_r2_t15,6,1test,2,15,3,27822,False,Q10-E001,MU_BETA_CSP8_EEGNET,loso_s6,20260924,5,mean_rank,3,4,6.852528e-06,0.022118457,0.28584394,0.6920307
s06_1test_r2_t16,6,1test,2,16,2,29942,False,Q10-E001,MU_BETA_CSP8_EEGNET,loso_s6,20260924,5,mean_rank,2,4,0.0003293096,0.023287667,0.30172923,0.67465377
s06_1test_r2_t17,6,1test,2,17,4,31950,True,Q10-E001,MU_BETA_CSP8_EEGNET,loso_s6,20260924,5,mean_rank,4,3,0.0012908785,0.32478917,0.402128,0.27179196
s06_1test_r2_t18,6,1test,2,18,4,34016,True,Q10-E001,MU_BETA_CSP8_EEGNET,loso_s6,20260924,5,mean_rank,4,4,0.011232919,0.004368156,0.3584112,0.6259877
s06_1test_r2_t19,6,1test,2,19,4,36052,True,Q10-E001,MU_BETA_CSP8_EEGNET,loso_s6,20260924,5,mean_rank,4,4,0.000970234,0.2426329,0.3002594,0.45613748
s06_1test_r2_t20,6,1test,2,20,3,38118,True,Q10-E001,MU_BETA_CSP8_EEGNET,loso_s6,20260924,5,mean_rank,3,4,0.00069218,0.00056383153,0.25860795,0.7401361
s06_1test_r2_t21,6,1test,2,21,1,40188,False,Q10-E001,MU_BETA_CSP8_EEGNET,loso_s6,20260924,5,mean_rank,1,3,0.09961524,0.06991437,0.57275087,0.2577195
s06_1test_r2_t22,6,1test,2,22,4,42268,False,Q10-E001,MU_BETA_CSP8_EEGNET,loso_s6,20260924,5,mean_rank,4,4,0.0900953,0.015453415,0.3521996,0.54225165
s06_1test_r2_t23,6,1test,2,23,2,44180,False,Q10-E001,MU_BETA_CSP8_EEGNET,loso_s6,20260924,5,mean_rank,2,1,0.5157634,0.007414116,0.20314246,0.27368006
s06_1test_r2_t24,6,1test,2,24,4,46211,False,Q10-E001,MU_BETA_CSP8_EEGNET,loso_s6,20260924,5,mean_rank,4,4,0.005558271,0.002285138,0.26715425,0.72500235
s06_1test_r2_t25,6,1test,2,25,2,48164,True,Q10-E001,MU_BETA_CSP8_EEGNET,loso_s6,20260924,5,mean_rank,2,2,0.27388385,0.31607687,0.15937902,0.2506602
s06_1test_r2_t26,6,1test,2,26,1,50125,True,Q10-E001,MU_BETA_CSP8_EEGNET,loso_s6,20260924,5,mean_rank,1,4,0.0037958403,0.10032865,0.106434025,0.7894415
s06_1test_r2_t27,6,1test,2,27,3,52229,False,Q10-E001,MU_BETA_CSP8_EEGNET,loso_s6,20260924,5,mean_rank,3,1,0.3056509,0.16400085,0.23788004,0.29246825
s06_1test_r2_t28,6,1test,2,28,2,54233,False,Q10-E001,MU_BETA_CSP8_EEGNET,loso_s6,20260924,5,mean_rank,2,3,0.0060809962,0.038868748,0.6745132,0.280537
s06_1test_r2_t29,6,1test,2,29,1,56208,True,Q10-E001,MU_BETA_CSP8_EEGNET,loso_s6,20260924,5,mean_rank,1,2,0.19246733,0.50184506,0.19812065,0.10756694
s06_1test_r2_t30,6,1test,2,30,3,58234,True,Q10-E001,MU_BETA_CSP8_EEGNET,loso_s6,20260924,5,mean_rank,3,3,0.006075668,0.0060953014,0.5064018,0.48142728
s06_1test_r2_t31,6,1test,2,31,3,60305,False,Q10-E001,MU_BETA_CSP8_EEGNET,loso_s6,20260924,5,mean_rank,3,4,9.832286e-05,0.0026285676,0.4492907,0.5479824
s06_1test_r2_t32,6,1test,2,32,1,62412,True,Q10-E001,MU_BETA_CSP8_EEGNET,loso_s6,20260924,5,mean_rank,1,3,0.0022385512,0.08070067,0.5213581,0.3957027
s06_1test_r2_t33,6,1test,2,33,3,64504,True,Q10-E001,MU_BETA_CSP8_EEGNET,loso_s6,20260924,5,mean_rank,3,2,0.26949745,0.37036672,0.20161095,0.15852481
s06_1test_r2_t34,6,1test,2,34,4,66595,False,Q10-E001,MU_BETA_CSP8_EEGNET,loso_s6,20260924,5,mean_rank,4,4,0.04284631,0.025668051,0.21294717,0.7185384
s06_1test_r2_t35,6,1test,2,35,4,68638,True,Q10-E001,MU_BETA_CSP8_EEGNET,loso_s6,20260924,5,mean_rank,4,4,0.0027421468,0.1311219,0.26733705,0.59879893
s06_1test_r2_t36,6,1test,2,36,2,70702,True,Q10-E001,MU_BETA_CSP8_EEGNET,loso_s6,20260924,5,mean_rank,2,2,0.0017615079,0.4334171,0.13520707,0.4296143
s06_1test_r2_t37,6,1test,2,37,1,72722,False,Q10-E001,MU_BETA_CSP8_EEGNET,loso_s6,20260924,5,mean_rank,1,4,0.0024023664,0.0021803575,0.18123518,0.8141821
s06_1test_r2_t38,6,1test,2,38,2,74694,False,Q10-E001,MU_BETA_CSP8_EEGNET,loso_s6,20260924,5,mean_rank,2,4,0.0019340641,0.2563295,0.2210965,0.52063996
s06_1test_r2_t39,6,1test,2,39,4,76657,False,Q10-E001,MU_BETA_CSP8_EEGNET,loso_s6,20260924,5,mean_rank,4,4,0.06499667,0.058734026,0.19807105,0.6781983
s06_1test_r2_t40,6,1test,2,40,2,78582,True,Q10-E001,MU_BETA_CSP8_EEGNET,loso_s6,20260924,5,mean_rank,2,4,0.019720705,0.19165297,0.25386056,0.5347657
s06_1test_r2_t41,6,1test,2,41,4,80663,True,Q10-E001,MU_BETA_CSP8_EEGNET,loso_s6,20260924,5,mean_rank,4,3,0.00062910974,0.0017034907,0.5087018,0.4889656
s06_1test_r2_t42,6,1test,2,42,3,82641,False,Q10-E001,MU_BETA_CSP8_EEGNET,loso_s6,20260924,5,mean_rank,3,3,0.014302814,0.0010521201,0.6570686,0.32757652
s06_1test_r2_t43,6,1test,2,43,2,84631,True,Q10-E001,MU_BETA_CSP8_EEGNET,loso_s6,20260924,5,mean_rank,2,4,0.11297691,0.2972522,0.18985645,0.3999144
s06_1test_r2_t44,6,1test,2,44,2,86750,False,Q10-E001,MU_BETA_CSP8_EEGNET,loso_s6,20260924,5,mean_rank,2,4,0.001398219,0.0114203915,0.17444639,0.812735
s06_1test_r2_t45,6,1test,2,45,2,88656,False,Q10-E001,MU_BETA_CSP8_EEGNET,loso_s6,20260924,5,mean_rank,2,3,0.00449156,0.28198388,0.36749288,0.3460317
s06_1test_r2_t46,6,1test,2,46,3,90584,True,Q10-E001,MU_BETA_CSP8_EEGNET,loso_s6,20260924,5,mean_rank,3,4,8.9036046e-05,0.024274891,0.06037742,0.9152587
s06_1test_r2_t47,6,1test,2,47,4,92698,False,Q10-E001,MU_BETA_CSP8_EEGNET,loso_s6,20260924,5,mean_rank,4,4,0.001391613,0.026534576,0.3296954,0.64237845
s06_1test_r2_t48,6,1test,2,48,1,94757,False,Q10-E001,MU_BETA_CSP8_EEGNET,loso_s6,20260924,5,mean_rank,1,4,0.026003044,0.037522394,0.39665788,0.5398167
s06_1test_r3_t01,6,1test,3,1,2,250,True,Q10-E001,MU_BETA_CSP8_EEGNET,loso_s6,20260924,5,mean_rank,2,4,0.001691903,0.0003968256,0.07071384,0.9271974
s06_1test_r3_t02,6,1test,3,2,4,2253,False,Q10-E001,MU_BETA_CSP8_EEGNET,loso_s6,20260924,5,mean_rank,4,4,1.658329e-05,0.0006476041,0.32767278,0.67166305
s06_1test_r3_t03,6,1test,3,3,1,4171,False,Q10-E001,MU_BETA_CSP8_EEGNET,loso_s6,20260924,5,mean_rank,1,3,0.2674993,0.0052399957,0.41136944,0.31589124
s06_1test_r3_t04,6,1test,3,4,3,6123,False,Q10-E001,MU_BETA_CSP8_EEGNET,loso_s6,20260924,5,mean_rank,3,4,9.526924e-05,0.0003206136,0.36360726,0.6359769
s06_1test_r3_t05,6,1test,3,5,3,8131,True,Q10-E001,MU_BETA_CSP8_EEGNET,loso_s6,20260924,5,mean_rank,3,4,3.853146e-05,0.004058486,0.47093025,0.52497274
s06_1test_r3_t06,6,1test,3,6,4,10242,False,Q10-E001,MU_BETA_CSP8_EEGNET,loso_s6,20260924,5,mean_rank,4,3,0.00044910185,0.014716987,0.542398,0.4424359
s06_1test_r3_t07,6,1test,3,7,1,12159,False,Q10-E001,MU_BETA_CSP8_EEGNET,loso_s6,20260924,5,mean_rank,1,4,0.021299826,0.012364043,0.41081586,0.55552024
s06_1test_r3_t08,6,1test,3,8,1,14209,False,Q10-E001,MU_BETA_CSP8_EEGNET,loso_s6,20260924,5,mean_rank,1,4,0.24865866,0.0013228614,0.2585683,0.49145016
s06_1test_r3_t09,6,1test,3,9,3,16140,False,Q10-E001,MU_BETA_CSP8_EEGNET,loso_s6,20260924,5,mean_rank,3,4,0.002377401,0.00033822,0.3192887,0.6779956
s06_1test_r3_t10,6,1test,3,10,2,18138,False,Q10-E001,MU_BETA_CSP8_EEGNET,loso_s6,20260924,5,mean_rank,2,4,0.10824774,0.0912875,0.3371559,0.4633089
s06_1test_r3_t11,6,1test,3,11,4,20044,False,Q10-E001,MU_BETA_CSP8_EEGNET,loso_s6,20260924,5,mean_rank,4,4,5.0441133e-05,0.0062767556,0.13052215,0.8631507
s06_1test_r3_t12,6,1test,3,12,4,21939,False,Q10-E001,MU_BETA_CSP8_EEGNET,loso_s6,20260924,5,mean_rank,4,4,1.1683502e-05,0.35158584,0.26020196,0.3882005
s06_1test_r3_t13,6,1test,3,13,4,23911,False,Q10-E001,MU_BETA_CSP8_EEGNET,loso_s6,20260924,5,mean_rank,4,4,0.00051981787,0.007402644,0.3013971,0.6906805
s06_1test_r3_t14,6,1test,3,14,2,25855,False,Q10-E001,MU_BETA_CSP8_EEGNET,loso_s6,20260924,5,mean_rank,2,3,0.009024649,0.39842305,0.41622683,0.17632546
s06_1test_r3_t15,6,1test,3,15,1,27822,False,Q10-E001,MU_BETA_CSP8_EEGNET,loso_s6,20260924,5,mean_rank,1,3,0.22750409,0.010032043,0.3872586,0.37520525
s06_1test_r3_t16,6,1test,3,16,3,29942,False,Q10-E001,MU_BETA_CSP8_EEGNET,loso_s6,20260924,5,mean_rank,3,4,6.473427e-05,0.0009579399,0.39043215,0.6085452
s06_1test_r3_t17,6,1test,3,17,2,31950,False,Q10-E001,MU_BETA_CSP8_EEGNET,loso_s6,20260924,5,mean_rank,2,4,1.8920799e-05,0.02291767,0.16406989,0.8129935
s06_1test_r3_t18,6,1test,3,18,4,34016,False,Q10-E001,MU_BETA_CSP8_EEGNET,loso_s6,20260924,5,mean_rank,4,3,1.822045e-05,0.0020856587,0.5249104,0.4729857
s06_1test_r3_t19,6,1test,3,19,1,36052,False,Q10-E001,MU_BETA_CSP8_EEGNET,loso_s6,20260924,5,mean_rank,1,3,0.00023463894,0.037389766,0.5027204,0.4596552
s06_1test_r3_t20,6,1test,3,20,4,38118,False,Q10-E001,MU_BETA_CSP8_EEGNET,loso_s6,20260924,5,mean_rank,4,4,0.0002753601,0.3438886,0.16135366,0.49448234
s06_1test_r3_t21,6,1test,3,21,3,40188,False,Q10-E001,MU_BETA_CSP8_EEGNET,loso_s6,20260924,5,mean_rank,3,4,0.009296812,0.06413801,0.4220314,0.50453377
s06_1test_r3_t22,6,1test,3,22,2,42268,False,Q10-E001,MU_BETA_CSP8_EEGNET,loso_s6,20260924,5,mean_rank,2,3,0.14127445,0.19093382,0.3367277,0.331064
s06_1test_r3_t23,6,1test,3,23,4,44180,False,Q10-E001,MU_BETA_CSP8_EEGNET,loso_s6,20260924,5,mean_rank,4,4,0.0034739722,0.14233455,0.2451656,0.6090259
s06_1test_r3_t24,6,1test,3,24,4,46211,False,Q10-E001,MU_BETA_CSP8_EEGNET,loso_s6,20260924,5,mean_rank,4,4,0.00035795502,0.0068198214,0.28203848,0.7107838
s06_1test_r3_t25,6,1test,3,25,1,48164,False,Q10-E001,MU_BETA_CSP8_EEGNET,loso_s6,20260924,5,mean_rank,1,4,0.049376804,0.0075584115,0.4405835,0.50248134
s06_1test_r3_t26,6,1test,3,26,2,50125,False,Q10-E001,MU_BETA_CSP8_EEGNET,loso_s6,20260924,5,mean_rank,2,3,0.0026792306,0.05373785,0.59156626,0.35201672
s06_1test_r3_t27,6,1test,3,27,2,52229,False,Q10-E001,MU_BETA_CSP8_EEGNET,loso_s6,20260924,5,mean_rank,2,3,0.010109138,0.10321653,0.7057824,0.18089187
s06_1test_r3_t28,6,1test,3,28,3,54233,False,Q10-E001,MU_BETA_CSP8_EEGNET,loso_s6,20260924,5,mean_rank,3,3,0.0037058971,0.014760828,0.5393062,0.44222713
s06_1test_r3_t29,6,1test,3,29,4,56208,False,Q10-E001,MU_BETA_CSP8_EEGNET,loso_s6,20260924,5,mean_rank,4,4,1.546204e-05,0.3485592,0.30166045,0.34976485
s06_1test_r3_t30,6,1test,3,30,2,58234,False,Q10-E001,MU_BETA_CSP8_EEGNET,loso_s6,20260924,5,mean_rank,2,4,0.00012454693,0.106225066,0.36544183,0.52820855
s06_1test_r3_t31,6,1test,3,31,1,60305,False,Q10-E001,MU_BETA_CSP8_EEGNET,loso_s6,20260924,5,mean_rank,1,4,0.00066068466,0.042930804,0.43616775,0.5202407
s06_1test_r3_t32,6,1test,3,32,1,62412,False,Q10-E001,MU_BETA_CSP8_EEGNET,loso_s6,20260924,5,mean_rank,1,4,0.0035447776,0.03598903,0.2901621,0.6703042
s06_1test_r3_t33,6,1test,3,33,4,64504,False,Q10-E001,MU_BETA_CSP8_EEGNET,loso_s6,20260924,5,mean_rank,4,2,0.020223806,0.6829829,0.15577267,0.14102061
s06_1test_r3_t34,6,1test,3,34,2,66595,False,Q10-E001,MU_BETA_CSP8_EEGNET,loso_s6,20260924,5,mean_rank,2,3,0.0016310784,0.015723813,0.59018373,0.3924614
s06_1test_r3_t35,6,1test,3,35,1,68638,False,Q10-E001,MU_BETA_CSP8_EEGNET,loso_s6,20260924,5,mean_rank,1,3,0.24803217,0.0084476285,0.47562048,0.26789966
s06_1test_r3_t36,6,1test,3,36,3,70702,False,Q10-E001,MU_BETA_CSP8_EEGNET,loso_s6,20260924,5,mean_rank,3,3,0.10833861,2.6053025e-05,0.52901,0.36262533
s06_1test_r3_t37,6,1test,3,37,2,72722,True,Q10-E001,MU_BETA_CSP8_EEGNET,loso_s6,20260924,5,mean_rank,2,3,0.16963948,0.010361312,0.4511021,0.36889708
s06_1test_r3_t38,6,1test,3,38,2,74694,False,Q10-E001,MU_BETA_CSP8_EEGNET,loso_s6,20260924,5,mean_rank,2,4,0.0014405573,0.032055125,0.30003738,0.66646695
s06_1test_r3_t39,6,1test,3,39,3,76657,False,Q10-E001,MU_BETA_CSP8_EEGNET,loso_s6,20260924,5,mean_rank,3,4,0.0013748333,0.04889096,0.29076445,0.65896976
s06_1test_r3_t40,6,1test,3,40,1,78582,False,Q10-E001,MU_BETA_CSP8_EEGNET,loso_s6,20260924,5,mean_rank,1,4,0.023467982,0.29799354,0.30907238,0.36946613
s06_1test_r3_t41,6,1test,3,41,4,80663,False,Q10-E001,MU_BETA_CSP8_EEGNET,loso_s6,20260924,5,mean_rank,4,4,0.00041861893,0.025661355,0.3983263,0.5755937
s06_1test_r3_t42,6,1test,3,42,3,82641,False,Q10-E001,MU_BETA_CSP8_EEGNET,loso_s6,20260924,5,mean_rank,3,4,0.00022861177,0.15091969,0.16372824,0.6851235
s06_1test_r3_t43,6,1test,3,43,3,84631,False,Q10-E001,MU_BETA_CSP8_EEGNET,loso_s6,20260924,5,mean_rank,3,4,4.847866e-05,0.0030163317,0.38689122,0.610044
s06_1test_r3_t44,6,1test,3,44,3,86750,False,Q10-E001,MU_BETA_CSP8_EEGNET,loso_s6,20260924,5,mean_rank,3,4,4.99143e-05,0.053133626,0.3447626,0.6020539
s06_1test_r3_t45,6,1test,3,45,3,88656,False,Q10-E001,MU_BETA_CSP8_EEGNET,loso_s6,20260924,5,mean_rank,3,4,0.00056020834,0.005129157,0.2904051,0.7039056
s06_1test_r3_t46,6,1test,3,46,1,90584,True,Q10-E001,MU_BETA_CSP8_EEGNET,loso_s6,20260924,5,mean_rank,1,2,0.006146239,0.4797383,0.33937165,0.17474382
s06_1test_r3_t47,6,1test,3,47,2,92698,False,Q10-E001,MU_BETA_CSP8_EEGNET,loso_s6,20260924,5,mean_rank,2,3,0.00017566905,0.058158677,0.62052876,0.32113686
s06_1test_r3_t48,6,1test,3,48,1,94757,True,Q10-E001,MU_BETA_CSP8_EEGNET,loso_s6,20260924,5,mean_rank,1,3,0.047111474,0.08167619,0.48056963,0.39064273
s06_1test_r4_t01,6,1test,4,1,2,250,True,Q10-E001,MU_BETA_CSP8_EEGNET,loso_s6,20260924,5,mean_rank,2,3,0.008680893,0.21562324,0.4547786,0.32091734
s06_1test_r4_t02,6,1test,4,2,1,2253,True,Q10-E001,MU_BETA_CSP8_EEGNET,loso_s6,20260924,5,mean_rank,1,3,0.00019600484,0.04037983,0.6946322,0.26479197
s06_1test_r4_t03,6,1test,4,3,1,4171,True,Q10-E001,MU_BETA_CSP8_EEGNET,loso_s6,20260924,5,mean_rank,1,3,0.0015456411,0.01930846,0.56032485,0.41882104
s06_1test_r4_t04,6,1test,4,4,3,6123,False,Q10-E001,MU_BETA_CSP8_EEGNET,loso_s6,20260924,5,mean_rank,3,4,0.0005221391,0.0032369082,0.12135416,0.8748868
s06_1test_r4_t05,6,1test,4,5,3,8131,False,Q10-E001,MU_BETA_CSP8_EEGNET,loso_s6,20260924,5,mean_rank,3,4,1.2028716e-05,0.015354671,0.3881157,0.5965176
s06_1test_r4_t06,6,1test,4,6,2,10242,False,Q10-E001,MU_BETA_CSP8_EEGNET,loso_s6,20260924,5,mean_rank,2,3,0.0042851376,0.033609666,0.8267701,0.13533506
s06_1test_r4_t07,6,1test,4,7,3,12159,False,Q10-E001,MU_BETA_CSP8_EEGNET,loso_s6,20260924,5,mean_rank,3,4,0.0030632827,0.002254649,0.1313303,0.86335176
s06_1test_r4_t08,6,1test,4,8,4,14209,False,Q10-E001,MU_BETA_CSP8_EEGNET,loso_s6,20260924,5,mean_rank,4,4,0.00010588266,0.007182512,0.38538915,0.6073225
s06_1test_r4_t09,6,1test,4,9,1,16140,True,Q10-E001,MU_BETA_CSP8_EEGNET,loso_s6,20260924,5,mean_rank,1,3,0.04787183,0.00075737445,0.5574045,0.3939663
s06_1test_r4_t10,6,1test,4,10,4,18138,False,Q10-E001,MU_BETA_CSP8_EEGNET,loso_s6,20260924,5,mean_rank,4,4,0.00045632833,0.04273471,0.22759447,0.7292145
s06_1test_r4_t11,6,1test,4,11,1,20044,False,Q10-E001,MU_BETA_CSP8_EEGNET,loso_s6,20260924,5,mean_rank,1,4,4.044742e-05,0.089314714,0.27836084,0.632284
s06_1test_r4_t12,6,1test,4,12,1,21939,False,Q10-E001,MU_BETA_CSP8_EEGNET,loso_s6,20260924,5,mean_rank,1,4,0.004268196,0.17786361,0.340774,0.4770942
s06_1test_r4_t13,6,1test,4,13,2,23911,False,Q10-E001,MU_BETA_CSP8_EEGNET,loso_s6,20260924,5,mean_rank,2,4,0.00031026214,0.012693499,0.118353836,0.8686424
s06_1test_r4_t14,6,1test,4,14,4,25855,False,Q10-E001,MU_BETA_CSP8_EEGNET,loso_s6,20260924,5,mean_rank,4,4,0.01601003,0.01941151,0.4420476,0.52253085
s06_1test_r4_t15,6,1test,4,15,3,27822,False,Q10-E001,MU_BETA_CSP8_EEGNET,loso_s6,20260924,5,mean_rank,3,3,0.0014111793,0.31784546,0.393114,0.2876294
s06_1test_r4_t16,6,1test,4,16,2,29942,False,Q10-E001,MU_BETA_CSP8_EEGNET,loso_s6,20260924,5,mean_rank,2,4,0.00014804979,0.06794734,0.29685262,0.635052
s06_1test_r4_t17,6,1test,4,17,4,31950,False,Q10-E001,MU_BETA_CSP8_EEGNET,loso_s6,20260924,5,mean_rank,4,4,9.19622e-06,0.031933334,0.34249496,0.6255625
s06_1test_r4_t18,6,1test,4,18,3,34016,False,Q10-E001,MU_BETA_CSP8_EEGNET,loso_s6,20260924,5,mean_rank,3,3,0.0012881897,0.010381912,0.6196416,0.36868834
s06_1test_r4_t19,6,1test,4,19,4,36052,True,Q10-E001,MU_BETA_CSP8_EEGNET,loso_s6,20260924,5,mean_rank,4,2,0.09880494,0.46835935,0.21921603,0.21361974
s06_1test_r4_t20,6,1test,4,20,3,38118,False,Q10-E001,MU_BETA_CSP8_EEGNET,loso_s6,20260924,5,mean_rank,3,3,0.00063238345,0.062460925,0.49318248,0.44372422
s06_1test_r4_t21,6,1test,4,21,4,40188,True,Q10-E001,MU_BETA_CSP8_EEGNET,loso_s6,20260924,5,mean_rank,4,3,0.00050311355,0.039701276,0.5274931,0.43230247
s06_1test_r4_t22,6,1test,4,22,2,42268,False,Q10-E001,MU_BETA_CSP8_EEGNET,loso_s6,20260924,5,mean_rank,2,4,0.027442085,0.37410045,0.20619194,0.3922655
s06_1test_r4_t23,6,1test,4,23,2,44180,False,Q10-E001,MU_BETA_CSP8_EEGNET,loso_s6,20260924,5,mean_rank,2,3,0.00034366045,0.02310755,0.608137,0.3684118
s06_1test_r4_t24,6,1test,4,24,4,46211,False,Q10-E001,MU_BETA_CSP8_EEGNET,loso_s6,20260924,5,mean_rank,4,4,0.00021617273,0.040629394,0.346043,0.61311156
s06_1test_r4_t25,6,1test,4,25,1,48164,False,Q10-E001,MU_BETA_CSP8_EEGNET,loso_s6,20260924,5,mean_rank,1,4,0.0134434495,0.23047714,0.34127596,0.41480345
s06_1test_r4_t26,6,1test,4,26,2,50125,False,Q10-E001,MU_BETA_CSP8_EEGNET,loso_s6,20260924,5,mean_rank,2,4,0.00048672195,0.004643644,0.4755673,0.51930225
s06_1test_r4_t27,6,1test,4,27,2,52229,False,Q10-E001,MU_BETA_CSP8_EEGNET,loso_s6,20260924,5,mean_rank,2,4,0.0074551213,0.0025435577,0.3853026,0.6046987
s06_1test_r4_t28,6,1test,4,28,2,54233,False,Q10-E001,MU_BETA_CSP8_EEGNET,loso_s6,20260924,5,mean_rank,2,3,0.021387206,0.12030578,0.45707026,0.40123674
s06_1test_r4_t29,6,1test,4,29,3,56208,False,Q10-E001,MU_BETA_CSP8_EEGNET,loso_s6,20260924,5,mean_rank,3,3,3.201841e-05,0.025194554,0.7715618,0.20321162
s06_1test_r4_t30,6,1test,4,30,4,58234,False,Q10-E001,MU_BETA_CSP8_EEGNET,loso_s6,20260924,5,mean_rank,4,4,0.003972389,0.06760387,0.36538866,0.563035
s06_1test_r4_t31,6,1test,4,31,1,60305,False,Q10-E001,MU_BETA_CSP8_EEGNET,loso_s6,20260924,5,mean_rank,1,4,0.0035196703,0.0019958694,0.25770828,0.7367762
s06_1test_r4_t32,6,1test,4,32,4,62412,False,Q10-E001,MU_BETA_CSP8_EEGNET,loso_s6,20260924,5,mean_rank,4,4,0.0015412378,0.009287813,0.454438,0.534733
s06_1test_r4_t33,6,1test,4,33,1,64504,False,Q10-E001,MU_BETA_CSP8_EEGNET,loso_s6,20260924,5,mean_rank,1,2,0.0012665216,0.47611022,0.3171476,0.20547567
s06_1test_r4_t34,6,1test,4,34,3,66595,True,Q10-E001,MU_BETA_CSP8_EEGNET,loso_s6,20260924,5,mean_rank,3,3,0.00093463226,0.31435406,0.47047183,0.21423945
s06_1test_r4_t35,6,1test,4,35,1,68638,True,Q10-E001,MU_BETA_CSP8_EEGNET,loso_s6,20260924,5,mean_rank,1,4,0.012756952,0.0023078704,0.40337676,0.58155835
s06_1test_r4_t36,6,1test,4,36,4,70702,True,Q10-E001,MU_BETA_CSP8_EEGNET,loso_s6,20260924,5,mean_rank,4,4,6.197295e-05,0.0023621507,0.47034615,0.5272297
s06_1test_r4_t37,6,1test,4,37,1,72722,False,Q10-E001,MU_BETA_CSP8_EEGNET,loso_s6,20260924,5,mean_rank,1,2,0.013495975,0.57330555,0.21994716,0.19325134
s06_1test_r4_t38,6,1test,4,38,3,74694,False,Q10-E001,MU_BETA_CSP8_EEGNET,loso_s6,20260924,5,mean_rank,3,4,0.00067982974,0.006193085,0.19231823,0.8008088
s06_1test_r4_t39,6,1test,4,39,1,76657,False,Q10-E001,MU_BETA_CSP8_EEGNET,loso_s6,20260924,5,mean_rank,1,4,0.00041219077,0.0095298765,0.37053668,0.61952126
s06_1test_r4_t40,6,1test,4,40,2,78582,True,Q10-E001,MU_BETA_CSP8_EEGNET,loso_s6,20260924,5,mean_rank,2,1,0.34983665,0.25115722,0.19352195,0.20548415
s06_1test_r4_t41,6,1test,4,41,3,80663,False,Q10-E001,MU_BETA_CSP8_EEGNET,loso_s6,20260924,5,mean_rank,3,4,0.003028064,0.003061484,0.36418745,0.629723
s06_1test_r4_t42,6,1test,4,42,3,82641,True,Q10-E001,MU_BETA_CSP8_EEGNET,loso_s6,20260924,5,mean_rank,3,3,0.002580453,0.25017282,0.44182146,0.3054252
s06_1test_r4_t43,6,1test,4,43,4,84631,True,Q10-E001,MU_BETA_CSP8_EEGNET,loso_s6,20260924,5,mean_rank,4,4,0.024876172,0.00092514703,0.19253905,0.78165966
s06_1test_r4_t44,6,1test,4,44,1,86750,True,Q10-E001,MU_BETA_CSP8_EEGNET,loso_s6,20260924,5,mean_rank,1,1,0.68020225,0.0016555416,0.17546403,0.14267811
s06_1test_r4_t45,6,1test,4,45,2,88656,False,Q10-E001,MU_BETA_CSP8_EEGNET,loso_s6,20260924,5,mean_rank,2,3,0.0027381657,0.17321229,0.5208799,0.30316958
s06_1test_r4_t46,6,1test,4,46,4,90584,False,Q10-E001,MU_BETA_CSP8_EEGNET,loso_s6,20260924,5,mean_rank,4,4,0.0022467987,0.104155496,0.18576066,0.707837
s06_1test_r4_t47,6,1test,4,47,2,92698,True,Q10-E001,MU_BETA_CSP8_EEGNET,loso_s6,20260924,5,mean_rank,2,3,0.026811004,0.009644273,0.54329264,0.42025205
s06_1test_r4_t48,6,1test,4,48,3,94757,False,Q10-E001,MU_BETA_CSP8_EEGNET,loso_s6,20260924,5,mean_rank,3,4,7.9233534e-05,0.0026416318,0.046162784,0.9511163
s06_1test_r5_t01,6,1test,5,1,3,250,True,Q10-E001,MU_BETA_CSP8_EEGNET,loso_s6,20260924,5,mean_rank,3,4,0.0013005111,0.020589303,0.30299518,0.67511505
s06_1test_r5_t02,6,1test,5,2,1,2253,True,Q10-E001,MU_BETA_CSP8_EEGNET,loso_s6,20260924,5,mean_rank,1,3,0.0024387443,0.16188,0.5206094,0.31507182
s06_1test_r5_t03,6,1test,5,3,4,4171,False,Q10-E001,MU_BETA_CSP8_EEGNET,loso_s6,20260924,5,mean_rank,4,4,0.00026330084,0.0036553717,0.34979823,0.64628303
s06_1test_r5_t04,6,1test,5,4,2,6123,False,Q10-E001,MU_BETA_CSP8_EEGNET,loso_s6,20260924,5,mean_rank,2,4,0.01469287,0.016521009,0.14983203,0.81895405
s06_1test_r5_t05,6,1test,5,5,4,8131,False,Q10-E001,MU_BETA_CSP8_EEGNET,loso_s6,20260924,5,mean_rank,4,3,0.00061461306,0.027991349,0.57811475,0.39327925
s06_1test_r5_t06,6,1test,5,6,1,10242,False,Q10-E001,MU_BETA_CSP8_EEGNET,loso_s6,20260924,5,mean_rank,1,4,0.0107584335,0.3124657,0.2388702,0.4379057
s06_1test_r5_t07,6,1test,5,7,1,12159,False,Q10-E001,MU_BETA_CSP8_EEGNET,loso_s6,20260924,5,mean_rank,1,2,0.000182196,0.43498558,0.31925464,0.2455776
s06_1test_r5_t08,6,1test,5,8,3,14209,False,Q10-E001,MU_BETA_CSP8_EEGNET,loso_s6,20260924,5,mean_rank,3,3,0.004780613,0.006858859,0.6364645,0.35189605
s06_1test_r5_t09,6,1test,5,9,3,16140,False,Q10-E001,MU_BETA_CSP8_EEGNET,loso_s6,20260924,5,mean_rank,3,4,0.0028456473,0.06594664,0.44512942,0.48607835
s06_1test_r5_t10,6,1test,5,10,2,18138,False,Q10-E001,MU_BETA_CSP8_EEGNET,loso_s6,20260924,5,mean_rank,2,4,0.0002698715,0.1728411,0.39042744,0.43646157
s06_1test_r5_t11,6,1test,5,11,4,20044,False,Q10-E001,MU_BETA_CSP8_EEGNET,loso_s6,20260924,5,mean_rank,4,4,0.0011058117,5.144491e-05,0.25880006,0.7400427
s06_1test_r5_t12,6,1test,5,12,2,21939,False,Q10-E001,MU_BETA_CSP8_EEGNET,loso_s6,20260924,5,mean_rank,2,4,0.0029901974,0.24612835,0.1594191,0.5914623
s06_1test_r5_t13,6,1test,5,13,2,23911,False,Q10-E001,MU_BETA_CSP8_EEGNET,loso_s6,20260924,5,mean_rank,2,4,0.0025528981,0.00088919845,0.13777499,0.8587828
s06_1test_r5_t14,6,1test,5,14,1,25855,False,Q10-E001,MU_BETA_CSP8_EEGNET,loso_s6,20260924,5,mean_rank,1,4,0.0053470605,0.0009260985,0.36211714,0.6316097
s06_1test_r5_t15,6,1test,5,15,2,27822,False,Q10-E001,MU_BETA_CSP8_EEGNET,loso_s6,20260924,5,mean_rank,2,4,0.004622908,0.038505923,0.4229261,0.5339451
s06_1test_r5_t16,6,1test,5,16,4,29942,False,Q10-E001,MU_BETA_CSP8_EEGNET,loso_s6,20260924,5,mean_rank,4,3,0.0005374026,0.013532999,0.6003032,0.38562635
s06_1test_r5_t17,6,1test,5,17,4,31950,False,Q10-E001,MU_BETA_CSP8_EEGNET,loso_s6,20260924,5,mean_rank,4,4,0.007802746,0.0017149316,0.3510991,0.63938314
s06_1test_r5_t18,6,1test,5,18,2,34016,False,Q10-E001,MU_BETA_CSP8_EEGNET,loso_s6,20260924,5,mean_rank,2,4,0.0017103868,0.06724063,0.18242213,0.7486269
s06_1test_r5_t19,6,1test,5,19,2,36052,False,Q10-E001,MU_BETA_CSP8_EEGNET,loso_s6,20260924,5,mean_rank,2,4,0.2697979,0.08874916,0.19702022,0.44443268
s06_1test_r5_t20,6,1test,5,20,2,38118,False,Q10-E001,MU_BETA_CSP8_EEGNET,loso_s6,20260924,5,mean_rank,2,4,0.02353034,0.016865257,0.30786306,0.6517413
s06_1test_r5_t21,6,1test,5,21,2,40188,False,Q10-E001,MU_BETA_CSP8_EEGNET,loso_s6,20260924,5,mean_rank,2,4,0.0025180492,0.03414207,0.34121522,0.6221247
s06_1test_r5_t22,6,1test,5,22,4,42268,False,Q10-E001,MU_BETA_CSP8_EEGNET,loso_s6,20260924,5,mean_rank,4,3,0.00039183797,0.0067423717,0.83518106,0.15768471
s06_1test_r5_t23,6,1test,5,23,4,44180,False,Q10-E001,MU_BETA_CSP8_EEGNET,loso_s6,20260924,5,mean_rank,4,3,0.00027250824,0.045493115,0.5130321,0.44120228
s06_1test_r5_t24,6,1test,5,24,3,46211,False,Q10-E001,MU_BETA_CSP8_EEGNET,loso_s6,20260924,5,mean_rank,3,4,9.764054e-05,0.009317976,0.3725409,0.6180435
s06_1test_r5_t25,6,1test,5,25,4,48164,False,Q10-E001,MU_BETA_CSP8_EEGNET,loso_s6,20260924,5,mean_rank,4,3,3.2983316e-05,0.010435926,0.6123443,0.37718678
s06_1test_r5_t26,6,1test,5,26,1,50125,False,Q10-E001,MU_BETA_CSP8_EEGNET,loso_s6,20260924,5,mean_rank,1,4,0.0044930275,0.009938614,0.104454875,0.8811135
s06_1test_r5_t27,6,1test,5,27,2,52229,False,Q10-E001,MU_BETA_CSP8_EEGNET,loso_s6,20260924,5,mean_rank,2,3,0.004518499,0.058823783,0.60072386,0.33593383
s06_1test_r5_t28,6,1test,5,28,3,54233,False,Q10-E001,MU_BETA_CSP8_EEGNET,loso_s6,20260924,5,mean_rank,3,3,0.00075803197,0.0072860196,0.74740195,0.24455401
s06_1test_r5_t29,6,1test,5,29,2,56208,False,Q10-E001,MU_BETA_CSP8_EEGNET,loso_s6,20260924,5,mean_rank,2,3,0.010509098,0.24909216,0.47280556,0.26759318
s06_1test_r5_t30,6,1test,5,30,1,58234,False,Q10-E001,MU_BETA_CSP8_EEGNET,loso_s6,20260924,5,mean_rank,1,3,0.0021759437,0.0006419999,0.5254575,0.47172454
s06_1test_r5_t31,6,1test,5,31,4,60305,False,Q10-E001,MU_BETA_CSP8_EEGNET,loso_s6,20260924,5,mean_rank,4,4,0.0035877074,0.22141984,0.19411348,0.5808789
s06_1test_r5_t32,6,1test,5,32,1,62412,False,Q10-E001,MU_BETA_CSP8_EEGNET,loso_s6,20260924,5,mean_rank,1,3,0.009579267,0.005931632,0.50031495,0.48417413
s06_1test_r5_t33,6,1test,5,33,4,64504,False,Q10-E001,MU_BETA_CSP8_EEGNET,loso_s6,20260924,5,mean_rank,4,4,0.00058299914,0.14964904,0.3099917,0.5397762
s06_1test_r5_t34,6,1test,5,34,1,66595,False,Q10-E001,MU_BETA_CSP8_EEGNET,loso_s6,20260924,5,mean_rank,1,2,0.0016057892,0.6336388,0.116708405,0.24804701
s06_1test_r5_t35,6,1test,5,35,1,68638,False,Q10-E001,MU_BETA_CSP8_EEGNET,loso_s6,20260924,5,mean_rank,1,3,0.28086466,0.0031298008,0.40815085,0.30785468
s06_1test_r5_t36,6,1test,5,36,1,70702,True,Q10-E001,MU_BETA_CSP8_EEGNET,loso_s6,20260924,5,mean_rank,1,4,0.002837157,0.040063944,0.33527136,0.62182754
s06_1test_r5_t37,6,1test,5,37,1,72722,False,Q10-E001,MU_BETA_CSP8_EEGNET,loso_s6,20260924,5,mean_rank,1,4,0.0024875058,0.016849337,0.26596305,0.7147001
s06_1test_r5_t38,6,1test,5,38,3,74694,False,Q10-E001,MU_BETA_CSP8_EEGNET,loso_s6,20260924,5,mean_rank,3,3,0.019561939,0.013142818,0.5395165,0.42777878
s06_1test_r5_t39,6,1test,5,39,3,76657,True,Q10-E001,MU_BETA_CSP8_EEGNET,loso_s6,20260924,5,mean_rank,3,1,0.3891568,0.28211674,0.1807347,0.14799175
s06_1test_r5_t40,6,1test,5,40,4,78582,False,Q10-E001,MU_BETA_CSP8_EEGNET,loso_s6,20260924,5,mean_rank,4,3,0.0015001737,0.0079960795,0.6142681,0.37623563
s06_1test_r5_t41,6,1test,5,41,2,80663,False,Q10-E001,MU_BETA_CSP8_EEGNET,loso_s6,20260924,5,mean_rank,2,2,0.004765974,0.61900735,0.21835448,0.15787214
s06_1test_r5_t42,6,1test,5,42,3,82641,False,Q10-E001,MU_BETA_CSP8_EEGNET,loso_s6,20260924,5,mean_rank,3,4,0.0006579258,0.0005523454,0.33631265,0.6624771
s06_1test_r5_t43,6,1test,5,43,3,84631,False,Q10-E001,MU_BETA_CSP8_EEGNET,loso_s6,20260924,5,mean_rank,3,4,0.2572869,0.09428614,0.24983023,0.3985967
s06_1test_r5_t44,6,1test,5,44,3,86750,False,Q10-E001,MU_BETA_CSP8_EEGNET,loso_s6,20260924,5,mean_rank,3,4,0.0045764227,0.024668843,0.222453,0.7483017
s06_1test_r5_t45,6,1test,5,45,4,88656,False,Q10-E001,MU_BETA_CSP8_EEGNET,loso_s6,20260924,5,mean_rank,4,4,0.22781314,0.04867706,0.20521083,0.5182989
s06_1test_r5_t46,6,1test,5,46,3,90584,False,Q10-E001,MU_BETA_CSP8_EEGNET,loso_s6,20260924,5,mean_rank,3,4,0.0007558113,0.0014581424,0.3235195,0.6742665
s06_1test_r5_t47,6,1test,5,47,1,92698,False,Q10-E001,MU_BETA_CSP8_EEGNET,loso_s6,20260924,5,mean_rank,1,3,0.024685146,0.13383055,0.5246259,0.31685835
s06_1test_r5_t48,6,1test,5,48,3,94757,False,Q10-E001,MU_BETA_CSP8_EEGNET,loso_s6,20260924,5,mean_rank,3,4,0.1010912,0.005415439,0.33104742,0.56244594
